71870
67477
175226
37006
45801
13993
180954
67847
159346
56219
68089
105987
41966
48322
40357
63152
193923
137062
34162
107738
96908
85506
46197
96820
76335
178079
107712
72471
114702
191621
159460
26795
187124
113975
52335
78118
151363
191975
139857
198495
70379
79789
149960
61739
65791
90470
117228
196955
113787
103764
102109
24327
184294
161080
112742
105120
120339
107486
16340
140056
94614
140489
32778
108555
1519
198754
187415
138556
45705
93086
72654
124601
89589
67942
190612
33461
8873
59726
54042
113016
82133
136175
171216
195422
160470
170461
59182
62718
63782
27626
168240
131163
89767
189882
56322
76950
156301
184365
101672
60431
145764
171850
64492
196687
180622
28862
89763
3059
129732
41779
144448
6722
27918
26332
43342
131486
107411
41309
153094
71687
79297
60069
4010
105521
20015
23862
5380
47165
161010
27033
12523
7419
111897
195652
72267
175032
43231
130578
60886
148715
175754
85643
129054
119247
56554
179528
103425
166085
132125
101953
170585
161578
60914
79744
193213
11293
117093
18994
86251
9023
165180
143128
101864
160075
63775
53568
44435
82417
102200
100341
135805
100574
32095
159602
51073
47307
27934
182750
74759
46965
95452
186075
155957
6567
45568
98888
103893
84742
162434
76005
184643
108897
191497
42503
29396
162339
163408
135012
24603
32210
119566
90465
7850
97587
36205
111535
119517
80265
149982
37717
74213
106036
93526
18496
122961
44027
113793
84680
92980
181525
120748
190737
108244
187825
185173
16148
122433
146821
109807
183684
136125
71654
136290
162685
124583
17615
184376
50419
18233
25670
130238
101471
183924
164477
101850
57441
71
169722
12815
88231
180560
136071
12571
109250
94442
77912
71282
185546
1147
2550
134425
199684
165820
42866
106918
114221
47750
157543
127952
18964
32739
194091
16412
16943
54679
151432
93331
14069
171865
87177
186226
154830
125483
143285
58910
183610
29774
35716
78054
41709
69182
195601
174242
75411
119592
137034
60989
169850
124781
186889
184766
108982
81787
124719
54668
166094
1668
37873
154915
121581
173937
49834
99172
137127
9590
119409
142316
183758
54296
7655
141849
35648
32009
6924
26249
61475
56603
46179
187114
194736
62038
186917
47352
86073
55791
26347
178373
27288
169636
99818
9275
53280
181825
158639
82238
181834
197402
86028
195282
86162
146431
124539
69560
113758
100282
106116
177477
54259
19085
145682
138908
59831
53299
8010
197419
173876
163383
103903
197760
160061
99548
40746
43920
64351
145797
118066
14235
110293
4059
172802
148191
87016
91406
182553
57019
163201
17523
8149
30191
13904
60313
110052
14941
119618
59694
145447
144995
5484
26797
69881
109237
35739
158546
15799
121795
183322
3263
198808
170175
113830
148607
111971
43484
10008
51367
41817
174315
46636
68182
129292
55560
92285
27517
135087
93407
121437
26239
153788
106243
4135
119635
83887
86454
176794
91029
192361
63135
31085
13870
173373
125878
119668
14170
107776
187351
110481
86040
174313
197766
183845
179324
11862
152669
11987
8449
162545
111842
60083
177577
141967
177576
77644
50762
84728
181623
174354
15010
140436
24925
62778
31907
196926
22247
130790
19696
48814
104941
44080
47979
144613
96299
90507
160220
36242
135813
148764
12198
156801
43326
3445
137592
85226
93768
52492
58994
135727
21070
61868
160154
198260
167104
55952
144353
123476
27436
149278
23903
188110
91763
97587
194995
78984
5126
193123
122336
83456
12908
479
12848
186276
163003
162568
14607
184826
46420
155434
146365
7386
161610
43877
178244
147038
97763
184702
96950
112538
100033
99487
24442
193200
153233
169045
86497
29766
68346
19899
159523
91157
101811
23179
103255
190719
159144
198014
118869
37193
57064
111973
80858
104323
39566
122684
148302
122377
143186
132986
12821
135794
25166
154795
71476
98546
121523
124729
128045
115259
10719
147135
17475
81943
47660
190276
77640
199342
140513
90137
73141
197256
150929
21418
50095
81518
2455
143042
190096
5907
168750
109515
35139
45801
73189
14701
188176
79820
45272
10770
191
142185
116432
1139
172126
38294
101810
169465
19706
118442
192504
177640
185043
134097
183992
158700
124236
131382
129196
12079
50073
163055
6756
45191
116440
145630
89082
158819
63030
141762
67720
196255
14640
16976
47781
177327
170853
118867
129421
128172
54464
140184
121792
23731
104230
178492
94325
122260
134249
17034
188975
66652
142766
61535
116705
138702
96701
28478
166461
37151
70768
17055
47693
110834
184060
92118
80380
78575
194973
67285
21226
133020
147375
97471
80548
58550
26703
68960
20210
67894
175192
20769
187539
53735
20554
177473
136297
107104
152452
43205
131890
105691
73822
123409
178805
126577
120167
119724
184473
78860
71942
82085
173492
171529
169944
44792
176597
7292
5307
159786
196151
161402
41991
37019
125575
106895
96119
154619
158021
198906
187450
11793
128770
168629
167254
68772
139063
61313
3397
155034
34284
49229
77640
27901
152063
53452
34638
137972
91613
195187
189522
65764
35469
170271
21802
123888
50781
101661
179352
82009
54415
85205
81151
121862
46580
26783
80242
186635
54838
177899
46437
83271
41177
129642
115147
87121
199316
76033
109694
179418
53325
36481
171948
55351
109943
177875
84499
103152
141723
14662
136995
82155
72027
60520
181769
164775
48612
158100
60675
84183
26023
20888
122252
69254
177
73358
173505
178845
211
104612
110533
140734
182957
33430
130022
158249
140804
179615
95880
177530
94919
100995
9658
106650
40358
173837
17944
50358
197443
1901
56989
115082
43595
73613
15981
199472
89087
137003
99088
169491
198018
85244
137435
80586
18724
58952
177984
132523
138865
145472
45304
133752
106615
96549
91983
8263
186269
97903
148528
3225
34830
53496
59375
178403
15606
113626
171740
183828
191527
22999
122992
30642
13274
81451
71641
50521
153072
35167
156070
57448
121773
130004
75098
151663
184581
6031
34752
179930
97864
130761
82972
113635
73237
113068
126568
166002
171526
199395
978
124880
160400
197833
83052
54982
169383
117245
87966
163401
82323
10767
62504
197605
79683
5487
44414
178390
49429
30290
153356
39084
158917
85646
78339
109487
15860
170155
107723
86128
12118
120186
113354
136295
172807
108512
141069
20890
167874
48113
53737
177567
56843
179028
56067
183480
154078
184960
171162
170362
197138
191510
40070
143517
126033
34190
49521
66386
179322
161623
175743
129016
72956
32736
178641
71002
19580
58666
149907
165415
6941
74835
10784
37077
152798
35205
82359
140061
2696
35243
50002
81310
184944
125191
98228
15468
175320
60286
75502
118074
134201
113203
76232
67569
95702
29907
174866
54145
50492
21429
47699
148291
128224
32944
5558
121817
103939
74860
34523
68792
12418
120682
138368
163631
48985
138386
157957
90690
113006
155420
199679
190058
28762
59019
108197
49160
192872
113214
74144
55120
132576
182950
111683
122661
94613
35042
160587
168780
178479
20021
26795
8053
45667
127303
160780
198801
7116
88922
191293
110447
92243
181832
152370
65218
20175
11124
155332
81316
178950
144311
155465
169094
125150
50957
183833
140989
120308
68398
30959
166471
50114
38883
193658
140275
177653
181097
30686
148003
173523
7911
152826
139210
24779
72751
102923
121772
197493
49829
99613
167532
16597
40016
12812
172315
4357
189265
51508
74544
146032
1459
150700
26628
167586
51430
125579
74772
129546
197574
92471
93380
74883
199381
175684
162485
163582
127570
12276
185402
6964
27245
16472
147781
64329
189707
199810
18871
81830
199820
178312
146531
192435
192883
158428
94335
46065
142073
128998
92248
54343
56198
91960
149451
195697
66860
64297
107201
98501
27275
40334
114847
106438
109894
105101
149791
67986
110501
33705
126092
30435
36536
71439
161030
107689
41040
99927
56634
120401
53612
168987
3973
85283
130052
51634
150317
24451
126525
130833
160423
160460
188593
138710
145233
63105
190328
48789
31153
155711
135108
100501
4764
113256
133401
107753
80258
30408
78653
25153
155773
172445
5321
139792
185633
179599
126403
41501
8140
147491
198972
53290
53176
91594
55103
160512
145860
24679
47265
36256
91972
118738
16221
39599
80330
190039
93846
2646
176787
34636
57988
86491
97195
129710
80899
83437
58302
197244
119618
76364
154905
120747
112517
128427
38599
9921
10899
74802
58881
135310
24962
186381
89995
118960
128369
151919
119883
101038
20282
91283
48604
61030
81602
167089
61875
45378
179042
147518
88339
100844
99107
11297
132454
176257
34422
165564
187609
25
7673
170822
11350
149703
130602
51915
107279
41364
180342
80828
167864
77957
177872
77651
137425
138319
116684
160301
73916
36396
12859
170293
120136
153542
194281
113064
58028
36101
156091
19453
80408
166054
181452
147755
135273
14475
147390
47983
84737
144238
22650
84544
147600
147283
75451
57393
58233
18883
117194
152864
134515
32220
198429
57970
76883
15429
33332
4721
33243
65400
80247
89373
27845
146129
86119
53960
49678
172200
66771
175525
165051
82596
28217
164851
107174
10167
140382
115201
83263
96928
9914
127300
14104
54258
168136
140783
2370
73502
95635
69490
21548
121715
94999
28781
86066
180572
99375
132946
44721
184938
87121
30371
179562
99990
74318
38643
147946
142292
183794
48698
171376
190295
111465
167989
6986
165865
103050
32315
82087
12157
34474
83382
158105
41639
139570
5773
151735
67080
122706
171054
172657
114729
109285
16437
134168
191170
35097
126052
67102
12196
67126
101628
191811
125605
82267
87227
77608
109866
23523
107373
21221
124773
26802
51565
91481
197163
80655
163821
160897
131720
134103
89077
182892
196034
91946
83533
131974
106699
199669
33746
111759
746
186867
15560
52676
152438
165123
112589
161740
12578
91602
196256
191878
198163
146149
121302
174548
128238
186249
30985
157435
43692
171230
13967
176858
193386
179024
73074
168716
152010
194380
29980
96647
44037
130813
164649
177942
117842
41658
170225
105376
102436
126647
143035
170226
21025
136459
105660
68809
147457
59974
146504
8943
70702
26559
191827
192029
16136
194387
158175
122778
30196
194971
100141
147906
192643
117896
76809
125604
173289
174629
88218
123845
97733
150887
140452
47861
38572
44934
173243
85310
115619
93990
177892
128802
87374
118207
100064
12166
63103
170867
68366
189894
1103
36950
156472
31782
183533
26544
156225
21645
198167
174662
17130
93724
106473
15209
114894
175174
52410
89507
3204
138559
180656
107733
114354
152106
48141
88539
58949
156933
147507
100175
155037
173707
63193
178704
47433
164548
116945
118307
27726
18226
191519
30848
6590
175404
81167
126516
168451
116883
164245
85027
130755
99137
306
188717
183488
170507
35651
96964
96621
122145
74883
97692
45163
51713
76245
49208
158257
194662
138138
17835
156155
129600
93321
4300
188583
37445
94408
61324
88687
84491
159893
168490
184776
60971
47428
4004
108572
45072
43534
59451
25785
75155
38244
56486
165397
60946
142516
127941
67107
120703
120104
175144
187713
4075
113622
42544
61563
77207
148906
115972
121848
48804
68189
21707
98630
49424
129221
88294
25072
83424
63465
93418
191715
132363
87849
130077
120783
75273
91963
102291
144111
106295
44813
63055
193261
74033
148616
113059
94804
67262
94416
31347
109444
16929
33808
147748
87039
195480
31949
85288
60493
80225
124440
175593
56079
11464
183005
71644
67313
139716
149354
142717
35975
12723
13863
20384
46502
65849
119132
117277
25134
11985
171167
84314
195843
178200
100335
39755
66274
104844
81288
137608
190317
102124
152817
125497
165931
5819
101376
82685
75055
175049
16336
122579
63532
194489
132249
109544
144088
97387
171959
191980
103186
23945
70509
86203
128496
80729
177104
11532
178817
36138
36189
185316
52792
84514
83398
124527
91908
26051
41783
18941
76998
163935
109194
137044
184927
179935
142691
85741
140387
94626
90595
196871
87981
104437
156663
43407
88823
30088
195702
144751
121526
197440
33545
83876
84089
57475
112570
195989
3061
130103
152965
39279
199632
151281
190115
41856
69858
167650
46351
15987
80659
41030
4227
78825
43795
46494
166307
192004
178538
135559
148726
144874
170726
25683
10336
159159
126801
91173
60568
118720
92267
179866
165367
74945
1159
35630
78598
62670
71859
110133
197015
133246
148311
21051
80881
8810
9932
129523
542
161418
49196
195458
142602
120799
9306
192603
73582
90758
78374
134010
123008
58245
150963
106414
150048
56916
100664
26558
113035
151156
149230
81273
141691
166122
2085
190348
170497
34440
151965
171762
89977
48643
27938
158532
130192
116262
21968
32809
15378
159610
17369
84900
98640
39624
103738
9809
75715
105453
163591
110133
108466
76327
162914
131384
151963
147985
163376
121918
16832
21862
164831
144572
131710
40854
53287
12858
26421
94121
194322
150720
188526
132927
145363
13328
72195
31679
80438
191558
42561
134198
28284
54629
189512
197339
106115
76717
174231
122477
147519
68972
99602
97930
87763
76652
68825
156637
63721
147208
10056
25298
123572
93084
153523
33246
171127
176449
166769
168069
87272
152091
134024
147144
170960
172532
154641
181642
86080
78297
134613
147077
60446
81225
160955
32596
149221
7942
23611
30463
2222
40048
135926
30934
189371
158802
92094
12173
107029
106034
72528
172379
159458
40882
193626
116549
129186
171356
26933
141669
69520
4878
38502
113477
28904
89938
192648
112528
58174
75496
40856
187241
62808
45071
90909
28519
16731
6275
181476
85621
123010
130486
119027
48622
122821
135760
163404
84551
146786
78217
64726
45109
5884
141498
179258
82966
188798
135006
164608
112196
367
114824
42655
195074
103372
9530
51956
181734
89029
158941
116555
190715
170992
106535
115922
101422
181015
184117
82856
119487
102057
158550
100526
117655
150100
143838
145539
65377
115501
178411
160188
134561
177915
81133
95553
109002
50922
77031
181300
131955
177556
164332
50806
136706
24608
34221
194358
75444
125273
3542
2547
90712
68114
63701
44585
193696
160785
172047
175533
36538
79588
143662
139461
109334
49793
138959
172376
112438
133199
199567
93422
15006
24916
49860
99681
10239
144515
88436
24164
168753
62641
182716
74605
64817
156616
167596
15437
12730
12807
118626
28853
239
108984
111873
119567
185548
71073
128440
52326
140946
27076
169863
20342
11577
107377
141297
68233
129669
64015
197750
96934
172385
110273
35008
127491
112043
122251
181440
39307
185816
103250
51146
69918
85122
66442
85534
174785
12495
129009
54160
161638
6344
96611
83699
194890
81351
95189
125960
185406
60469
13913
189367
72768
164638
176651
188145
87954
33539
70678
56415
15705
84652
50419
135168
63198
20999
68258
53909
49099
116926
112200
195550
91085
10543
65875
50403
127621
78385
120853
68206
50381
109299
159067
130976
194684
28905
191558
75062
57044
192058
39507
98423
112815
93392
53311
123044
60097
186546
151236
181881
71525
128881
86046
94295
1963
59060
137004
111461
9688
170842
13115
94966
105265
43319
179204
95350
105419
133197
119237
57286
169960
632
159127
172952
125983
1105
34748
82698
160956
170324
125841
158250
126747
66153
49189
67751
164279
131062
47567
83184
177564
143153
137200
173646
34159
13211
55200
144612
1688
8297
105091
199272
93244
180368
120174
45278
23697
65414
136471
36669
23841
37084
46271
117431
74656
89356
68133
150096
98353
113153
25866
63593
121458
164944
172613
109093
105856
94032
549
4433
98846
52782
105628
54457
76034
87541
137259
80394
165568
128117
181006
121400
153465
72227
132644
79909
87047
198064
2835
28097
40431
195975
16699
172548
81849
33730
183016
73728
73957
52570
175020
98187
93431
197579
19710
172613
142047
135053
149088
72701
134271
67709
32138
194308
129109
188086
154663
68807
180609
195073
173011
114397
23780
90179
144758
168791
113170
106031
6086
99780
121192
134454
120701
8751
107473
195921
30514
140714
135285
35041
134309
135157
80515
189615
75599
160640
3581
58437
115161
37421
124784
181202
124183
70315
22941
7747
55552
166024
54037
85288
153245
182985
103753
59605
70793
196052
140138
71862
62430
92519
42149
192633
160428
198166
41079
130950
99722
52641
144355
21667
53911
167634
79930
124510
188556
194410
80095
74667
152885
151487
130133
69416
89905
87167
181477
110574
8789
198163
110011
91172
36787
3033
48431
45929
17825
95584
154764
65922
70640
142484
71857
73732
53407
23859
147019
16482
18128
46121
39684
70320
118373
9675
54912
185782
149977
152652
127656
115984
30813
144438
161420
82685
184701
147813
170420
57976
10064
76289
56413
180817
10119
144703
88173
85865
132926
140422
169721
136768
35756
31204
132968
184077
25541
133770
69778
181051
65324
128673
81828
92366
93783
157065
198966
21056
146685
11026
44377
67842
166017
55507
153531
104546
132827
90995
46883
28601
19175
184873
19525
97552
132010
108098
21121
188946
48410
154277
184127
151118
144167
106984
137461
45646
92018
20449
52334
118163
147681
122986
191125
127712
71989
33929
171056
53072
96247
147079
172976
53293
85103
50534
36420
61831
53946
108461
193478
8643
97906
108821
190731
106809
166024
182611
50663
856
80516
51243
93186
190786
3888
119479
35800
83364
173689
33814
107616
147533
108695
106603
143308
66615
90121
67855
112805
138629
92845
178544
191711
18152
137529
198855
24955
50022
137185
30798
68009
180679
122937
88818
128045
179905
74859
121026
39727
27250
42557
41997
117774
81883
65853
83266
169346
196768
187650
19851
110277
163422
91082
42608
98943
166868
104563
188428
36500
115659
123522
82659
69414
179182
44004
72581
183496
178605
184326
115191
95371
368
179681
136211
47155
117618
77226
77090
95540
168439
48141
75817
71376
161620
120571
141765
8956
24439
77741
129403
116290
190348
48780
51176
120007
175263
129914
6909
150876
31247
42637
41001
27243
3851
182464
50291
9663
7518
125877
7852
37706
94707
14532
45748
88881
192461
240
13755
129052
42982
169368
84057
69759
141093
41503
60320
104825
77460
115836
84612
6753
142766
14462
82016
64785
56252
160425
82570
41678
98124
94139
133736
109510
90172
143666
74355
1494
172142
102467
98504
55470
8451
126193
186211
1355
99057
183717
137392
5970
49388
12747
137187
66444
48978
180588
22518
59389
114597
82586
2354
60019
198556
31185
182361
189662
135950
172950
185336
33318
46184
13659
49507
100431
35742
173699
50860
110539
132159
129957
133160
172484
132888
27036
38001
59958
182626
51585
132038
11376
185750
9833
198059
108071
101218
152743
51530
32199
110639
70981
194142
13624
119213
6231
146971
119805
58977
199801
143448
28153
160905
42271
20043
144021
13278
120778
125749
11197
31641
37834
112519
14133
158178
189859
132541
172419
156462
173664
151484
174499
174336
160958
166119
35495
118604
195143
6260
65937
126003
59844
131950
172408
65633
11361
158682
157165
79566
98944
9133
183462
126887
59875
115172
36636
188575
160642
156031
109702
2013
117728
178806
165658
8467
86199
101227
96394
189329
25841
130205
89842
124737
66736
100078
150268
160396
74553
193948
114
119885
186386
34122
23187
130634
151237
183976
35796
3954
700
167692
41633
109675
141314
35319
78049
72358
88414
44063
81124
80073
183515
97607
162132
40268
14150
156115
97916
141602
23056
109027
71430
162759
92064
130255
56834
109536
120002
95512
87117
32761
22580
180502
138696
110053
40274
51906
757
187433
77305
28361
26600
160348
122959
172066
173141
177862
61253
134623
172815
144656
128266
96441
28336
49379
53912
143582
90926
116091
66857
158847
161522
1940
176467
152502
16989
93017
185867
199557
107351
23020
179182
188588
119627
73086
192461
161029
146555
70396
44585
87507
104312
87970
119769
117377
194950
165165
58816
198169
44805
92211
61332
95806
90266
11416
146802
107964
4418
100934
117344
67916
171089
117313
83402
50720
170222
33610
161366
85205
34662
62547
77453
60323
45395
101239
44832
167163
34598
98432
76013
156823
49534
97733
173784
124660
103611
135952
109429
97192
140674
70898
174258
52160
88042
21685
178028
101994
187252
158902
60951
40066
26646
27075
185820
148299
153787
96530
143066
56371
26850
124514
174873
191948
54446
79500
16356
68967
112998
91291
84741
161376
195223
144655
51208
147555
56810
48938
176935
117477
137223
63558
178917
163709
78246
38148
182470
17295
152542
125453
171908
180863
177819
127785
171926
50633
11396
167029
104178
157999
99480
145973
83112
24785
121570
95456
25106
105570
126700
30780
148357
181189
57654
114820
157108
155294
99238
151412
47026
44952
26079
90229
8138
37910
93617
106340
75349
23144
15615
109335
99164
180380
161626
175749
19221
166155
96294
4538
83033
121803
190679
47875
26015
185788
152278
152047
74383
110167
146597
160979
195487
956
186547
199708
194821
127087
159225
157077
195201
148868
70088
79847
41609
66308
130937
23138
56934
66876
24755
142732
36183
79179
182566
121647
146270
139942
10013
75839
109817
7072
4640
156037
144896
145351
175578
177825
90937
84420
190722
2148
180734
71707
88494
72483
142607
770
82257
75921
82279
38269
159903
151216
74866
182354
91480
1551
30808
78323
36702
44951
111694
27357
146173
100054
190114
100553
142734
181583
52384
33371
46058
199932
34846
130003
51101
189144
151387
134706
160765
64456
42709
187522
147045
117181
169921
194779
53252
185606
191560
33908
142267
170956
90235
130089
23590
48787
46876
58493
32369
135160
53502
128896
33839
169294
90495
130079
103237
1247
196718
46070
38983
99516
130655
71325
75387
128218
66028
68260
95322
102959
3660
24347
157576
60519
50792
161378
115561
176219
140824
44761
101165
130848
144418
45574
195440
72838
40901
113376
150709
120844
90941
140885
170899
36475
165529
68873
56133
61299
42719
81177
14647
32429
62441
81258
126771
176561
84758
173760
187706
168520
127441
148618
13548
68591
35139
171651
1573
109481
186096
46440
128556
97768
178255
46676
91633
163817
81965
23711
56747
60748
92813
40416
83817
57017
54044
155843
85524
194019
197972
163943
189033
170276
162585
174708
170544
197362
125230
150358
183766
161874
149805
107154
84453
47237
121185
22277
11554
21102
168615
26101
77115
30749
126468
53918
21688
50867
11393
28032
141331
15418
169143
164333
88011
180906
64547
138683
40083
104280
4420
141101
39089
128282
197133
172891
93848
184770
118669
24845
56032
5705
187741
23125
141826
61274
115835
9917
134020
100068
188607
185463
137317
141565
119425
45275
36064
154543
64558
32485
91327
91790
100265
75880
124294
36187
185401
95046
61938
9364
50872
147056
139748
16447
24452
174962
40562
199957
54156
69618
82639
3683
198608
69229
196450
43534
45543
11690
125889
20162
132737
66911
158547
93707
83690
184520
184709
175290
104336
19428
29877
26573
113063
29315
183117
104281
145769
172111
192176
63476
36623
53646
38325
5880
51687
75858
156037
117604
133731
172906
27143
157692
154659
24206
24238
160909
33408
157997
31513
119140
119132
24644
166794
39639
48918
187567
154188
165285
132565
119839
184840
186434
127901
30145
4804
98276
87524
169061
15394
166873
117784
126465
77023
39786
40450
71005
110879
66454
49546
170253
181626
18945
135648
61144
184791
191685
6683
36762
62369
129904
186645
79121
58786
99644
13474
91521
12626
158343
45219
60624
17011
80223
170167
117417
198423
175585
155033
186979
147960
78524
116244
154741
139714
193119
130804
95388
94471
110844
143861
198943
108490
170586
111170
181009
31788
142197
55047
129693
88518
42133
3029
51982
113105
80284
84858
38934
20511
76652
74523
143786
130417
74208
156940
193666
111077
33928
127979
161146
19397
146206
164850
108101
70056
160133
162130
156962
100870
159498
29691
5832
30888
176993
117665
44435
195079
22363
179044
20453
21497
155355
185643
141834
188929
42532
23629
21028
188154
8020
183008
164222
94443
70118
28098
191628
64975
123094
101034
14730
58279
75402
144326
47737
60219
32477
107377
100672
73019
6268
135661
106953
179812
99202
79637
155465
63432
73037
54903
3978
21557
161622
130073
196021
91832
109550
181124
42096
39042
109239
57134
125233
182883
131833
90871
95565
79201
88292
56367
107817
118195
31563
179080
122947
51593
59586
174454
76926
84070
71499
6672
102588
193144
107616
111151
75474
133387
178326
188880
76370
48802
154984
104538
14557
112990
10467
195860
140228
148979
66843
22046
14818
143421
147239
126331
191510
98713
37393
108264
57648
101301
31609
80142
4267
172349
142024
183150
85273
21269
46799
48579
134829
153918
112723
81414
4595
21007
188154
190273
17770
158604
134044
164
44777
117497
189932
178139
27040
157124
40223
137835
32077
54933
17141
29164
57988
12180
174146
195272
89844
68931
169743
25904
50705
43651
97251
58377
151472
79774
11984
53407
128352
2948
7339
21836
15013
189889
115697
16738
178978
61552
105038
175845
33642
21890
104205
27374
152903
131127
147026
127013
147266
155618
50579
81021
99580
40578
127559
100332
83103
117222
52617
193906
149891
9331
26016
185260
81446
156979
145645
37574
53991
138484
6387
49044
95057
112896
65843
104858
169475
28522
146856
128551
74067
1508
20522
134900
162425
137952
139822
5031
184183
14771
193762
103079
173912
60783
32341
94822
48633
116970
144616
88922
36692
153612
9196
122240
76600
182012
24736
101873
170072
199972
183975
45900
140315
5684
46115
166680
67123
141426
175347
117011
67499
23104
126707
126966
14406
28799
52136
136071
145248
92342
115488
190119
111321
139557
13146
174633
74030
79263
186748
172228
127892
93820
109461
25278
151458
138392
3075
128867
58631
45977
107256
27909
54667
134160
34037
104173
57781
103556
26121
14043
136865
111863
92370
74822
152681
433
148393
155070
83760
149598
19456
66345
147511
9894
52722
152409
154810
88461
169826
66808
137721
137617
190770
108686
158239
159300
72571
15539
26357
40164
11031
16592
156780
128523
14644
194321
19528
159690
24574
83169
12865
179951
199422
22409
8208
150460
108788
112964
24484
39919
54446
8776
179585
95739
52667
179989
112617
101721
82359
53549
8319
90442
9517
4176
2962
152255
89740
76623
148201
52735
90150
113205
54242
106648
59096
139944
131391
76971
175682
199429
186628
178297
160809
123098
11859
121037
50706
126207
142355
140533
35827
158374
28823
49899
126279
138326
193435
30525
93567
139300
162120
182261
21019
38104
53814
197327
182638
2502
108812
186185
147483
104036
77597
20585
102378
46977
159402
96372
24914
101502
115063
26078
107344
64129
155162
162338
75041
82210
197129
69719
2633
151426
195963
12514
193002
92310
166846
56286
37741
97160
29400
115190
181688
112993
65896
111612
7779
169799
95662
131360
132826
9844
91047
180021
197045
55413
60375
194464
122181
119766
154106
8170
192845
52895
13174
69673
67571
95345
83446
10840
118496
47534
11802
107555
191519
115394
52058
120566
92714
47046
24392
187141
111067
3578
111947
197823
99650
170783
33250
176219
194776
134012
5944
116529
146520
193827
102812
55105
73958
13473
40247
18684
114263
11076
10365
124384
57666
102891
146493
14944
156829
57817
131620
145271
84009
181656
174055
87033
56846
154410
170752
22732
187594
67850
157747
3904
107583
129991
162987
125142
185558
52293
38413
129164
181637
20405
110321
142400
196635
13653
94243
161940
842
18320
99542
142593
161589
7917
736
145948
26265
172299
49796
1993
85804
100379
146498
42841
19137
81539
35845
58335
137184
105960
54632
173254
108254
531
159255
78849
44173
28090
43957
154554
45359
152560
108732
168577
25660
28273
163243
108131
2839
188719
39927
113850
76385
110221
174031
104621
173586
158217
180859
102499
152524
21778
2439
79657
144187
81330
19190
68507
146546
179291
105074
80979
126877
159206
73611
59512
69019
134394
170447
193142
130438
83956
179791
187156
174930
80581
153570
13857
72290
96457
132384
126711
138618
92976
107595
1695
141173
100651
85250
65111
21317
179492
129021
1282
58438
118888
143945
75661
126961
32575
65610
46548
2511
194367
147363
88511
151678
181617
154247
56415
61416
95858
48335
83821
119387
29724
188878
14808
168590
155766
134921
112316
157324
25590
154525
96039
181649
12452
197274
119592
87598
177532
51229
2141
5041
106428
54832
192643
54928
138472
113734
118677
124550
150874
15028
156499
91643
29668
90426
166199
60401
144865
155246
196579
53295
135930
181021
101284
156063
69440
127947
38820
46640
54470
196982
152409
80068
109614
146268
123861
103953
125889
1456
94941
105663
133175
198579
131110
92075
50701
95610
21306
83590
84272
140334
125226
170236
184441
56412
5234
66076
96266
122797
125307
61870
81028
162452
140915
151717
81871
37299
113730
173922
88259
66191
90871
155654
48200
58130
132975
117138
44295
111658
164038
63691
126090
127237
97381
174043
182700
30063
47743
167823
62638
62134
122010
192498
117443
164272
89112
179212
181175
27850
98374
148794
158053
43795
31521
99729
87102
164549
29652
175644
187526
198664
50747
152437
72829
37531
47538
88275
57487
132982
65123
16946
167238
143508
176424
178
78785
169575
65119
2885
183012
158336
158269
169225
19213
7321
12454
27552
136351
108253
66269
6116
55576
147631
13624
190113
7690
30605
187078
182873
2589
172359
27330
139251
764
61990
40334
19593
12200
159172
24124
133853
137393
162669
73870
186683
90743
175147
158907
75183
79432
1180
33950
101690
175840
34850
162090
21622
37177
95141
140539
174466
168344
40616
32537
56702
26133
106788
158670
74768
49225
80997
26268
191558
150889
93822
102403
86037
21698
199935
168802
129460
164403
94655
146346
47191
77376
115620
17677
168847
134466
60487
188567
32888
171206
106343
132696
1825
82298
146352
135789
163782
75394
20820
58181
69653
78829
20216
17328
186351
196556
154165
22161
199867
45508
148345
101742
192027
126938
96815
112523
102387
69073
25405
135855
10785
181153
40573
83788
187947
45220
121476
68953
55352
39203
15634
139676
88161
152900
84251
138547
107394
93510
60393
27816
69036
83464
130662
46226
1782
167304
37854
18330
149855
155401
55701
161419
91677
163918
129570
37592
199426
172445
174476
96635
86404
136493
47672
6978
3937
47170
102553
8692
35230
100591
109095
99298
78726
38110
15646
151331
127930
132639
78263
75896
20295
47039
171993
64689
5552
23015
133984
142391
46621
28017
133965
3791
186298
83921
136728
17863
57445
61998
94633
47450
40383
166288
19904
77799
98005
76951
79878
53579
83857
142949
135726
29916
183673
6437
52721
47759
67681
132353
190489
174725
105329
41880
179005
12935
186992
69382
136326
124902
100178
173101
164443
28085
148249
187125
193372
36747
145808
140755
44832
1197
198634
26571
80533
26345
102719
182756
175583
87339
171457
35285
169759
136396
58041
31814
173620
135117
43849
188558
28819
160005
15436
171869
166560
146206
109299
61150
64813
171988
113834
11052
100724
193618
52143
75170
113845
121125
122905
167603
105569
57987
111424
65672
167610
103276
143278
17838
90172
53182
26306
59683
20876
147935
120032
82104
189296
21988
59661
115740
34917
151754
106411
54095
45598
121315
134941
119447
157669
124231
2320
23585
198295
54984
190375
154467
199121
194579
6079
73896
193075
114206
171969
124179
99868
98080
151014
92232
160818
15718
72128
175966
91720
57056
65016
136920
178304
87142
164931
151317
37024
94196
47064
198444
183061
17113
188369
27428
195747
16652
5628
36081
124129
125884
47324
176729
6803
114839
104089
63838
94756
46966
193050
112098
47925
54739
108267
43831
40849
162203
3440
75893
167457
3900
94275
31875
27992
66951
17854
49361
115471
105318
47987
179497
187220
116613
5584
189529
52701
42255
46888
197207
114943
158359
40698
84640
196836
115765
142205
55820
117386
51597
14365
155228
40073
11213
22800
136948
87782
146165
97368
48574
90920
143029
47118
96529
179698
94658
2396
82010
31632
39562
92814
1024
23214
72984
16424
149818
35980
186884
11781
119262
158806
16637
92929
54107
18064
110956
157706
155670
2825
165069
65890
21084
84039
85377
20493
107032
131196
87258
141295
60020
124522
66662
197255
147905
138526
148785
94616
12645
26258
133903
121130
39623
2213
163337
136548
182854
65918
25252
179574
163151
126867
107510
166876
69966
67950
78053
18730
161390
194696
23112
134903
98003
68179
58382
195143
165259
77630
3150
76693
73785
120856
26358
172200
79161
184042
56503
64963
153004
185365
137551
44
133579
152677
92984
148176
99606
88451
12330
126863
123773
64304
198047
83095
5347
184912
30474
50406
21265
75269
149975
163328
159863
155165
35917
187046
7941
148232
128542
30551
108709
89770
129524
153102
192333
87420
180173
133749
123055
156546
169957
23532
104260
56645
172377
137509
101677
138056
145754
35165
53070
78207
167611
173097
47351
19493
98651
3190
49707
120884
95740
71723
132944
150954
157986
61090
185953
166501
19137
159304
37543
27848
13578
132992
69875
22134
65205
192122
36778
161970
85084
96230
29123
176346
144761
154610
115121
170868
9807
173942
87656
16073
33462
112278
64396
95459
187466
180631
169481
120097
47113
134696
136525
161716
126962
15921
92306
90887
46536
177012
160164
16045
11096
52542
166372
99984
58964
134508
73639
55246
80532
14655
90722
16769
22443
190038
97983
154345
47558
164561
8393
145390
168714
100298
113452
140520
104041
16275
16469
187654
125336
165866
172791
190091
44465
34895
76332
47694
47237
15453
135368
148783
148329
122072
183932
106318
143897
176863
33938
185766
156022
141374
69264
156085
10167
76526
199527
175185
46192
58996
163161
206
152713
143747
23718
29024
62442
71375
76579
177986
94175
44611
8016
20064
33077
38088
174745
153389
164151
36719
60030
60332
188178
192123
24949
13473
195265
4414
127348
116650
122119
152429
26290
56618
130332
125045
54605
15284
34837
104331
54682
73674
68748
59015
137491
60441
197432
63280
73295
50381
104302
50834
103134
103980
164379
22958
184299
2590
131752
60217
77152
177262
19357
156227
186956
141302
131497
25497
134906
70850
72766
179215
24002
97363
182438
68617
185879
196363
68660
194570
52515
1379
672
109929
55731
14432
122051
104509
19502
57492
178238
134764
58038
199521
190232
150359
173806
159638
179592
146215
162527
2365
91032
142557
147438
138461
192234
49403
176780
140047
13102
52835
139007
148207
92781
71126
138265
184436
120016
44676
48387
29319
182852
74105
109107
60001
173659
65527
94544
39166
164937
60565
56912
155836
117472
67478
52509
50972
125186
177192
170845
133563
42355
32659
71805
54614
192763
133295
103691
72398
178992
112602
57407
184666
46506
182948
174406
19199
95911
158833
52960
196039
119107
3562
61420
57040
123902
178435
33175
174222
839
22638
8288
170898
124665
76648
85303
80794
63661
56876
49720
143649
25735
23570
10438
66604
15841
114279
79792
182356
51819
62658
71337
105763
127030
70898
67082
11366
119116
137125
132098
187657
165468
155666
34476
36069
152501
107812
79102
117657
114593
197297
5905
21552
44120
93663
188862
169882
80620
162817
22386
187481
157649
51164
123662
120285
44330
90875
173938
142595
167002
11559
162107
181609
99776
188870
42196
64988
11400
109412
66053
180920
144907
125064
13889
64103
122297
31294
169887
198017
35553
147417
92307
71304
194700
40673
43586
168507
29351
41338
54217
91742
58400
58492
39154
13335
168629
190463
113885
191920
85542
43746
23656
13671
172007
192488
120802
125898
13382
71516
137920
193794
117106
2304
76778
109434
134591
47488
117898
3310
74118
55337
82313
45459
199981
173791
132237
198681
109846
32176
73349
170929
70826
150442
135093
107302
117742
132396
105060
122910
47089
133892
162686
3003
84546
6638
146871
136288
107650
41575
6509
97264
142151
109333
51715
180533
184497
183376
133567
87305
36300
103577
88997
144956
155926
151225
137771
176699
90635
173996
189927
158187
37469
112157
19581
112789
21538
118532
87675
124179
183200
8836
163124
88987
68844
138741
107009
134463
90331
190551
60799
148485
179744
178162
56447
72054
172462
1169
178530
90035
153038
81698
133761
179661
30861
171528
163182
37969
184677
160300
86839
55763
76745
181544
164520
167560
174960
25413
169857
41703
133220
96321
106940
3713
166555
139681
136339
50943
11335
23581
13195
59866
82811
185006
94892
7708
164348
157742
193027
104111
36997
172064
53753
75900
76460
31480
171400
105002
191405
160787
11432
17984
71416
188732
188760
24612
141444
52843
139904
141123
11471
101803
113064
110524
199386
63852
190507
63843
135352
63888
182408
20510
175309
108072
131663
40714
66449
140173
142794
118883
164633
68363
38905
5520
61446
2988
175611
39998
116158
118721
53508
105767
196335
118099
141262
97897
195593
150380
137453
179541
127656
187961
90309
54621
22209
37005
193365
19803
128395
150030
58308
5512
177097
128098
74621
181064
22042
163736
13875
114375
23845
71614
67444
83586
66216
162692
7831
47131
157979
172698
1858
51716
86804
42278
81095
174382
171233
4959
137159
36903
71219
62877
57420
175114
36703
174133
181703
46300
131887
168955
156327
178444
4053
153135
163773
159521
140521
186811
36180
119146
20442
14781
174351
78446
198867
48060
87707
136823
79931
93602
68489
160379
123514
154626
177387
76029
94224
85969
19668
104486
58783
167082
6186
101076
70830
131977
5994
60361
70993
66646
147215
103845
90246
96057
169590
139223
36527
119528
168025
116739
71898
46515
188920
68328
65996
13464
89925
79423
39507
40704
182336
199228
193085
14156
111854
178451
47859
11351
66386
73420
120116
73291
78199
47661
150370
152967
141075
59541
47465
154567
61790
73207
144078
53998
58431
89063
112933
76070
195348
55949
47354
138775
37113
139896
12669
136728
59830
158751
161923
126044
72123
145538
186206
66184
85117
82364
89789
91519
76382
111464
25890
28797
97591
72421
2534
170231
196805
124902
38934
53935
78443
197798
15904
173071
8430
122981
136173
141565
182180
82629
105812
111397
165793
65527
199562
68697
45513
113421
187577
40514
175322
9391
193359
80555
73767
198323
41095
150911
122530
14109
123074
17171
42283
117994
43234
119315
115552
157000
17103
38630
22480
197074
78752
108441
44495
163044
1826
184806
183589
73691
10699
46920
141479
163919
35908
127
69910
8873
192786
166658
114834
65202
135794
131717
20617
77882
123588
169374
8577
5194
156209
193629
60956
17410
139309
135161
98450
26349
108959
111799
83226
26929
181040
100191
157141
147201
177384
45286
34050
106926
182477
89120
128997
74939
52203
164232
136108
189406
2896
62449
156096
156922
194776
119504
10006
63914
118351
40855
84499
34424
72215
175990
32886
166990
104209
184676
92825
58995
42149
78388
74571
85344
69095
9122
56022
149508
16878
82457
91061
20022
16289
16716
179577
101778
136457
78334
52277
192642
168130
59162
196061
15024
44866
108458
94242
59295
12180
96109
32471
62140
149809
126857
25104
85698
58580
9939
6065
115371
120279
26318
88989
107846
13381
103636
52388
145748
80408
59269
59630
42102
61595
67678
56988
102992
186107
128057
181657
23438
170505
42584
147418
16724
114153
4090
13558
7920
149485
102116
8105
161487
141276
67342
128503
147026
172866
118925
80791
197566
35946
91717
168922
88245
162207
177848
79887
87934
116522
19890
50770
176738
44462
151739
136740
39971
131776
78981
55023
113627
105065
98585
110942
185599
24885
192527
132085
50754
129969
76579
99219
123374
91817
103770
144964
53447
53966
156342
136108
52026
1064
61594
54431
54532
88193
59733
80222
84075
94432
20898
83452
57938
108658
128402
57740
13768
44319
27250
100726
135673
171586
19854
91637
150767
27606
64495
166040
46075
94996
136208
96347
66942
49659
165758
163793
34887
157504
169551
3022
108447
86075
199068
67182
87360
145004
191746
160796
164077
154604
193807
94889
39911
50375
58592
55877
195188
66330
115057
199380
177583
65999
154972
158060
4985
85496
97166
171509
45886
192363
151328
116427
191809
31107
39524
31244
155332
46910
182870
184295
60886
71911
175412
190241
154518
49267
33104
177256
146344
71979
104112
58322
39781
5053
56756
69010
44000
151389
148940
1181
77828
73316
2171
15502
188405
70198
69307
118909
134144
152117
128878
126468
98787
15587
164524
111394
81323
28203
127217
131245
153756
113793
156054
119658
14596
75481
160275
119555
47539
149270
4817
180579
185213
91409
36146
171405
13527
10033
140816
74342
86971
157115
5237
162712
112231
119459
32877
106409
47188
120637
13034
118471
119141
130108
176602
169896
136065
181957
182683
53010
79199
166986
177919
57128
196124
162390
145627
105870
177213
101863
85522
39958
8038
84642
85028
151010
88325
31148
81632
174092
63648
36410
24804
16341
168505
162060
133103
136910
156920
33009
37075
189333
131678
54781
152523
46522
188628
80306
101178
170580
62386
154417
109875
146475
146931
73627
75355
167569
101100
133285
73655
180219
89372
117283
31381
120158
52953
680
84499
17802
112745
55126
124756
23933
87983
102656
95790
85747
100331
183860
123034
155552
8789
149948
144608
68490
1185
161042
40891
83401
73771
71711
109878
105816
152566
31226
2444
53835
61882
39677
29288
1435
78077
14297
75414
41137
130006
106107
36205
192462
63529
123626
47517
79150
91923
188435
197775
171806
183492
16146
169906
36339
25250
187438
72744
115290
156285
25617
198805
74204
59523
45468
158617
43297
156221
116191
146489
66056
44453
31742
15951
43724
64540
172336
26788
80599
113122
32493
159704
167824
127853
143249
167362
140237
76533
34554
54882
198737
62299
78527
171011
118160
90824
185065
95107
99818
185033
59350
14903
158572
39595
28079
78808
120536
61542
114738
183114
10016
120269
44386
195751
87421
68899
153329
154193
119552
104614
85764
19495
6469
53763
69400
82378
21644
168874
130462
101786
166076
28125
34737
167631
2807
89437
149363
47890
190759
175271
33700
113056
184736
33259
21680
44826
113138
78787
181502
38725
44600
135393
154714
147774
66901
78950
10317
16764
22718
193844
27726
84333
45667
143148
156122
166605
144325
120627
150270
43064
136184
121933
65074
129263
120923
15434
82451
2695
8290
142999
3912
160485
162740
99224
169453
7677
172627
51966
137457
103102
162228
48896
178064
28046
82048
116244
61350
100409
81031
168113
92215
189233
185190
143424
20738
189067
113046
186319
55679
142987
95012
103770
134242
165770
110151
178990
147954
4088
165527
37256
114556
199718
182252
129381
115831
109275
169096
144260
113339
34174
184213
131043
189912
13340
87782
37159
70756
186596
175325
199513
1205
69882
162633
122815
95092
64338
162484
38088
64727
72004
24088
182889
153013
114389
35417
184911
7420
170592
49745
41842
62707
90039
127046
57804
3785
9555
25177
148390
175060
33262
163760
186598
182563
185801
91584
64409
11894
140833
100683
102546
121135
101000
169618
23340
122641
199672
56003
54209
22660
33961
5394
113066
47065
150717
25498
133783
45013
112228
9782
122442
146811
39323
81381
144904
23062
24599
94976
32042
89191
137651
9597
95270
173725
107717
148930
81144
130232
82380
39534
194095
187069
31238
20865
156151
168261
176462
61985
128409
30353
85190
129556
97439
45881
51623
188274
26043
35753
130465
11700
66982
74306
68294
51509
43393
11713
125430
190834
17492
123680
39233
162368
38380
116480
165923
16105
115577
118713
142278
77739
138419
93979
68762
19326
51858
1710
32047
88156
691
96621
77105
123188
28271
67172
158065
144502
172734
3485
157534
96657
111073
82013
177390
38884
97433
100758
160137
144186
78486
146418
138428
25366
72287
161914
127852
180537
196259
15850
46885
187606
168175
71316
175138
101773
23527
141071
91230
16049
35966
112681
138880
67176
165774
198393
144428
146005
145684
140920
156757
95633
34012
187463
74241
46154
79929
143581
83055
161541
188808
30929
64163
87089
141614
14501
30351
124016
148738
110179
100791
114139
30949
82231
14052
185935
27128
33288
71256
27169
153140
23691
52764
196119
25232
101143
149558
89884
39559
71474
117741
145465
13091
41100
84733
69432
17598
114633
1558
105855
42442
3803
124502
186878
19005
39671
166077
151387
195581
178516
112063
28509
56639
108993
298
157433
96391
17229
147616
82074
129268
96396
163727
198513
143338
95311
168730
76664
165523
163877
149529
142231
3344
2765
151341
92866
176824
156377
58554
156213
12520
127182
18330
76950
149154
79533
103775
97242
54852
75855
144444
155415
81001
459
49946
100970
136471
137180
71989
26789
10387
183670
61304
95414
65639
74633
125846
72082
133541
95011
141863
158930
151668
52446
115332
8193
56456
103856
190503
86895
25020
143606
130817
131115
3456
25507
170762
151733
98045
95037
52992
2772
92890
149667
31947
92367
119670
89020
106277
155774
169308
126900
68189
169788
7152
159408
37393
18788
97330
156526
166529
94274
133240
21716
121021
112184
89959
16293
77099
85256
166635
16333
151299
132038
101615
93513
76248
115596
21276
62094
99515
104675
169744
62743
177113
35484
155198
177326
181851
134556
197321
27528
92048
80734
32021
63909
94929
71245
156678
175231
67110
88233
134540
186841
175770
72756
135025
179277
29427
91016
15967
177499
183464
59450
96994
115891
163664
73239
131313
103171
119612
175148
124499
194846
138718
20125
98588
45109
104263
108310
196842
131270
90738
197095
132798
174739
26180
94203
43129
167333
166331
94
17461
16484
192553
65539
46415
142865
11186
90660
194898
172837
36736
199526
83459
42975
100177
99845
3079
145242
38186
129729
192038
117057
26427
74928
186549
117605
115280
9266
134091
191634
43250
139697
47410
142696
8122
145431
64199
95343
172477
49974
130550
177992
85831
174895
134372
6850
196096
179104
56544
97399
84731
96179
182195
82208
102720
128568
120595
193717
140467
47494
108652
196822
20134
47937
167
148085
60818
17890
154852
137440
138611
19952
81151
98076
6365
170943
136616
35561
21187
116310
142130
100599
137824
194337
165826
32077
167705
39997
193041
31328
48371
82207
123803
170272
33606
33627
153226
27311
150766
83106
100809
196913
51304
13285
27030
143766
180472
120318
29917
117301
187748
71128
160320
16760
184052
38096
90144
109149
102972
67500
181457
133650
153832
118936
87528
176994
123275
140844
85650
136152
25805
181686
92686
28972
196526
17831
54588
123489
177563
85441
36245
18774
13120
35029
41860
29159
13258
151498
86689
74980
66804
58937
3709
187474
185776
144687
189481
177497
127112
170117
197263
91972
139259
88623
64826
114044
97631
121516
171088
99762
96345
165603
161203
82133
13602
159546
93823
38197
48351
76864
162100
39832
196859
124586
55343
47943
187601
150361
139546
188133
905
112147
182129
38539
157636
171361
189935
116144
96783
41651
178479
187797
146197
137781
152093
23354
192301
189533
127728
168892
143727
36135
11811
48961
17907
98618
80578
89289
142637
142257
7255
62011
130109
38448
120964
60552
80709
128073
32675
111192
45307
138984
179172
6304
54525
161620
120801
52457
31658
114327
120647
19771
173804
127871
172275
588
66320
150428
9909
64020
107783
143918
196658
112818
160986
36417
91753
18801
131787
192533
894
61627
125093
7606
136144
2369
6423
185434
77381
64169
122375
11045
74772
65193
40242
112126
25746
173584
178184
67765
175264
123208
185358
77910
138347
12904
60758
174705
169563
43502
6105
153947
171169
135275
65898
160652
116967
17095
178271
148135
144936
194006
163010
39844
11719
88782
1393
115264
186809
56465
36203
91972
72362
72676
93035
85841
118146
144815
50598
7222
62708
39600
47471
176571
89958
132196
196589
121411
81324
47361
101172
142797
96064
179140
137476
7963
6974
167779
188946
147984
197115
98123
82250
32357
194761
114299
149366
163084
23290
163252
179436
161410
165435
141106
126308
23291
173185
44542
125372
89089
110263
189396
190603
126077
129418
103571
149608
66665
20372
163916
8074
163336
150588
117781
178123
36773
52541
122302
93846
164811
40500
114940
176122
35381
129435
59679
77547
37305
131811
113211
98072
115463
150726
131172
47102
45276
165883
136285
45820
168932
59442
67659
135623
54894
95860
176564
148920
30705
185486
56427
161616
32770
4963
18432
134555
20636
88769
198462
65406
88439
29028
153359
148413
17261
116857
191784
151731
143736
18587
47828
52610
82126
735
169716
91414
161402
174843
30123
76484
100145
52018
168438
135407
147356
187700
173745
123578
5248
121984
123012
87315
173490
97013
66614
39821
86879
5699
43798
143372
154363
138809
141538
77899
181023
102041
168643
189171
158813
34319
120125
148488
86876
20229
51345
115281
3143
71775
22085
136339
157665
120317
193117
19300
184366
46146
52296
141927
129309
58462
182559
47906
13989
84448
110047
1073
59733
75940
21423
69047
164964
193427
145916
79521
95785
12837
112424
136229
191317
178106
152429
12222
80038
2871
8263
185938
134836
128188
694
1748
57184
99685
157391
3620
182276
78461
115813
158039
157869
123446
54318
20425
196769
77187
36366
73154
55567
68717
153272
181943
196076
164367
28946
192883
80968
130234
19324
14526
103206
31341
163606
34077
19790
142266
40715
117128
2995
39971
164014
36716
115277
194808
148836
188876
36331
10106
60205
184947
102037
96465
87019
90615
134543
96543
126692
59807
68706
89408
47741
152532
5144
150882
25857
62529
93281
87364
1303
70504
20334
182929
8624
134678
78788
166472
142555
109661
132680
145334
181316
35643
62093
130234
68165
190959
165644
5133
156490
37456
182165
94431
185554
268
2775
120522
180973
63209
105876
19219
194835
106119
52848
160830
56367
148658
42721
138276
175317
103483
163888
66609
27284
119625
94989
198091
161179
158808
180412
80806
49059
162990
103106
150785
177266
159894
197870
132503
29801
65303
194158
67458
18241
47330
56415
82470
89203
90849
56853
36761
83934
119190
183837
126248
113055
148969
111538
178178
24797
158822
167582
91628
152644
55026
4036
102186
21371
868
35420
73633
78343
140660
135004
178151
136638
185424
36234
41315
153852
44908
184212
69091
619
55704
79083
4145
150934
98058
167269
137638
95031
31546
4214
76505
173759
161324
113709
71760
94038
15203
101988
57489
67303
34555
3123
85805
129314
20731
14233
169573
136567
10960
93235
92821
180619
34474
6366
134666
3895
177282
121089
74170
169429
154651
178242
31412
240
38257
191125
140885
117179
156508
131088
93032
25860
188882
8823
160556
81149
149782
171498
144383
186322
95881
34546
57
34540
25106
1428
76361
88515
51931
38188
69953
133699
101992
36678
111192
115169
169722
172834
169992
95230
79903
196419
174067
18795
105098
114875
48604
53996
175383
106181
116341
51589
121542
199148
34938
53679
59252
1178
62830
41966
3214
87483
113984
140352
163067
20571
69590
174431
37926
11099
82876
71169
191519
85224
94507
66842
31814
35376
25059
182801
179513
126346
690
119299
83724
139797
36193
85532
54066
10457
105549
45521
10532
154216
185292
183143
24860
72144
174755
183720
37439
128715
182362
140472
181942
14554
8125
52554
48647
39558
15006
19367
184294
180327
154877
181701
85140
37024
41336
22948
62316
193398
144774
44239
126328
150372
77936
14521
129477
78099
124119
59821
56302
171609
34923
185312
3741
69280
76777
87771
132065
187884
1588
152345
104853
128517
110886
77324
134180
166051
59959
94703
48819
84313
66955
45603
192637
160694
63831
36289
34324
97859
115203
39518
34006
74792
38185
126499
12432
177772
169646
173237
80661
12682
70404
81633
39677
163880
83568
58059
52938
132617
88962
1450
29470
130065
75605
59851
58921
79574
65397
14675
113352
83401
14958
160703
179986
147716
16960
190973
36357
127655
20291
163570
47917
83451
20642
86403
141256
65584
168901
85894
156114
87539
89495
8629
137019
182464
194027
85522
76618
147699
146522
131207
100873
153240
45075
18887
94500
67895
14841
98649
115554
154197
157557
45636
75957
78982
91303
45949
107929
79598
177411
80736
116980
176072
164393
36448
174710
16147
143927
153309
129379
12624
173867
110114
55725
114310
57827
197537
133081
154733
113520
88364
78926
107420
124419
35933
178759
165328
161549
128695
58308
20302
22601
185084
170350
167491
64461
57493
103793
71954
156528
61241
67369
62592
35441
9122
165471
18837
110050
97888
123396
32819
38981
77400
110695
43854
148127
188543
67494
59305
40217
4259
194386
167746
65816
27350
181956
164537
18985
132974
67340
194713
144672
155005
7612
107199
102536
114613
95
68210
106490
82357
186220
194056
156697
86552
65374
162032
64154
72
157678
85070
85461
199172
123044
60361
85566
80607
49930
63445
39115
60256
125325
64716
181402
123769
73202
193650
126233
118089
173627
87123
13695
51663
157195
30394
184019
78332
102271
173163
121356
81967
106667
163600
74973
194151
109929
3801
153904
93820
92645
48606
171297
176044
185972
110469
98388
111358
73975
59052
10664
94844
170827
72633
39551
196755
68162
137521
130219
169279
124836
148119
176918
56594
13201
13963
184840
19452
26551
114928
27509
168308
15324
172339
2030
138405
153142
94373
173557
165267
112370
50283
132402
77754
43400
70192
184534
1337
62486
39493
179404
18876
93459
60605
11472
147548
138705
45950
133800
111865
28853
155574
108943
74699
191781
8419
173652
32078
75327
25915
183383
46792
180301
73104
18057
142120
12010
105341
25952
186834
182008
156051
33326
35051
137933
18122
79892
105400
199948
14883
49439
39076
36697
101040
2678
131912
161797
43361
8200
142934
145081
10743
65693
80774
147199
91666
182908
147106
63374
13370
8240
155755
47349
100041
31590
59242
78431
189900
6363
66650
91982
59446
161745
16680
145425
134986
183892
119677
19060
111108
145879
92159
57719
81146
83887
183597
76465
157011
51887
142717
37053
2002
6514
10601
179976
185862
178230
65820
171684
92862
455
93284
189858
122649
170681
148686
21645
149036
28349
71
186331
157469
190822
199114
61948
119660
63606
99152
105989
68808
47154
66703
37485
121182
52276
105105
86954
18964
137139
113278
54511
175829
144275
115070
103975
185905
140126
69221
174479
160600
87259
137538
49026
179042
123926
195732
41666
186384
84625
1113
167229
32354
124648
135608
190852
163047
104396
29308
79173
48558
40104
195339
190234
21958
177556
39914
49261
162654
177143
45432
117144
58843
18482
139960
9028
188767
174338
39013
97634
133569
96038
698
21709
155606
99599
32995
32510
178761
119695
104278
103652
76690
3354
93159
135659
12697
74049
86675
174162
114186
85980
108982
86804
157525
27234
160189
99927
150406
88964
97940
185175
191927
95848
128167
17206
25862
101032
132055
37030
137683
187481
148444
198935
126927
123048
70159
94224
188511
52803
79926
143682
195999
188369
162809
91230
151527
26347
9988
40630
77506
193475
37610
172002
23057
54216
75170
133103
3694
24892
84125
103780
82367
99421
77705
24316
175602
24204
4061
46064
67229
176410
43307
21379
140650
192518
9661
158486
67339
52568
171687
115111
59471
33239
182241
13360
150433
96734
170154
143077
184558
129427
62878
13834
52978
186876
21031
109423
93360
103717
101273
30829
35302
35988
113574
16153
89879
187737
46650
127933
2494
147380
143187
161406
111630
68813
184972
87731
181430
77081
67469
20064
36265
129222
167278
195618
71545
10496
138546
128066
20129
158125
41440
145392
149675
189411
55642
22652
141883
145477
92599
73761
53416
127564
52988
27340
163444
156785
81991
168633
54664
123921
64380
29547
7559
131838
163671
155448
84363
100589
89581
169945
160140
69815
70958
192967
154107
67343
78436
79786
73453
167537
148453
167654
111640
140348
86096
28009
25321
112073
111625
51478
20826
108992
35060
174472
29390
28873
144314
155947
72441
151822
176776
151487
105022
115831
181469
94542
61423
40277
163403
166578
7841
135010
184115
22335
34464
1739
80601
64898
55520
25465
82576
124634
148969
40742
85261
114411
51142
102737
167887
54329
13012
174651
149484
76491
156611
194313
171388
73397
133691
101814
199742
188728
61489
75168
172551
157275
149309
116624
109783
76494
91667
68331
82639
43303
192981
109495
10520
100379
143872
96597
195007
150195
124088
27122
91746
34117
108539
82033
183450
67484
18315
14815
72015
57073
49333
97807
6230
181842
109908
186462
172032
80390
159656
185956
139419
114166
195711
99092
8310
180674
1366
62748
165416
116942
76922
133409
89083
103344
35490
147678
55129
11214
136298
76502
34106
82630
161168
93769
153593
192623
193011
148828
108696
60331
43960
141742
134762
193994
73660
171251
162428
1043
40165
53455
183268
46552
22353
105314
155576
185104
74314
24127
170747
4069
1329
76402
107284
140729
55488
2683
23905
56510
75592
123688
127768
115211
62405
139481
52387
98573
152240
145560
8969
103840
22428
130858
96376
116640
20083
141948
107593
118219
129907
24699
83709
82954
189339
119827
32776
79859
92900
30930
34013
105480
49772
38267
153523
40963
99372
69511
111550
100477
54653
159896
192880
196139
116047
145853
79989
116130
82374
193088
166289
61086
186958
187394
63372
36279
151256
106360
70270
45468
183487
103932
160176
85508
11422
147184
65997
112647
76526
195060
60284
167581
85678
55786
98726
177312
26773
57897
87127
108655
197209
174770
88300
94617
148415
75176
48634
97103
36433
62840
87193
102341
98263
179268
169427
26519
52951
105565
107879
41059
165814
78030
89975
39909
94218
26630
13264
33600
44103
178301
185079
5191
4804
172869
25782
23762
139572
37806
84366
63782
32112
179045
144423
59968
168996
143293
197064
88021
39124
195844
16059
53092
69974
150646
98799
178145
191090
99990
167565
59609
102310
90298
146469
131007
118449
75420
143965
123090
83830
2536
34151
343
62217
109593
70385
10282
88582
112606
125708
38336
152173
141977
59472
151930
150609
5285
127095
62540
65262
88982
26811
46941
168391
71262
166978
75313
133897
73447
133556
186314
132880
127557
183385
118414
40758
135546
6208
9911
109633
154014
47697
79311
92469
4495
125171
107228
186948
42038
193275
33923
162778
199308
153638
126657
172882
172795
184958
112577
196414
91798
16771
172548
7120
109006
78328
141150
41959
109201
188359
25364
130813
91035
92667
90654
171364
36233
57422
169926
183089
17099
159972
62128
154196
32324
30725
174818
118942
85655
26838
4209
29652
21843
165396
150141
136721
195499
25684
178870
163912
186952
59467
10349
126522
142519
138523
103538
154436
94480
125772
161622
87825
102524
35780
73820
161114
39836
39782
68154
189438
134276
41900
80845
57509
40224
41793
148249
43462
195676
63634
171587
118360
36594
167115
15670
101101
136609
150370
157907
196222
107730
41708
114324
61298
65657
31302
173424
95876
34298
150229
145733
51725
138734
1421
176805
170324
58308
119973
23065
17755
18565
15143
90756
29475
117511
178804
159973
72291
83404
80999
147833
108894
79874
108081
158971
183694
4214
123
85843
127530
138517
72764
6548
88061
173159
117474
149337
102752
54461
113800
129583
94232
159236
36396
32932
93607
20754
29541
151300
72106
72693
148984
111316
154018
6372
117526
126414
594
179810
25990
145213
33371
186180
85915
193036
166816
2253
8052
51487
164860
86808
118818
77248
182008
136014
88142
91353
16283
141733
59441
128589
37462
117253
65608
24295
180099
110151
197399
94969
40017
165515
73322
191751
193706
124403
182539
145640
127350
191505
135992
16287
7399
35821
78042
122209
88486
153168
142348
158235
132037
47169
7113
30740
121839
4234
19341
44941
84697
177125
179900
151539
91756
79920
85623
110261
188286
114974
157135
187695
187808
15430
183088
23716
45013
26768
120671
147817
78105
119962
74208
61032
179814
174773
174017
73083
23591
105275
24138
155680
25598
177281
22182
178778
189652
119753
108624
37353
81438
56589
10620
87133
100920
49098
125153
27520
158006
72726
104901
93829
62944
46038
149718
155318
75154
174464
155995
117080
110679
163341
117795
74981
41548
20229
141604
139817
74634
137096
134913
17188
98367
133395
148759
59966
196156
49235
68169
198810
69547
179294
105468
158220
174617
189176
102331
70248
10131
125769
7874
80911
189633
80682
5758
134667
198188
67203
172812
185141
145729
160754
52560
195593
90033
97909
88979
135498
22611
16005
126927
176419
154678
102496
69646
40625
98247
57159
170079
80857
144813
21180
109765
91805
97555
199954
147741
145772
33927
147269
191380
79092
174478
158549
184771
127457
199654
10303
123152
193803
108597
99328
127163
21064
27126
84549
1862
163552
141869
168831
4387
172431
23274
171178
74982
86828
90862
130414
168679
170266
20409
131662
22764
107762
76410
196828
34369
70131
168211
7346
53176
6098
170186
140964
149100
155788
49342
150758
24973
119414
146520
116770
12564
7844
190053
190889
15779
191324
47182
136771
137524
136554
109167
143239
103987
85256
66784
17852
6153
61211
136745
113103
16677
197196
67912
14488
77718
125290
154700
102576
110620
46081
5102
175821
170016
74980
125487
62240
109328
143793
5942
192611
48901
13694
139722
54577
7964
30933
41123
58400
163744
81085
15206
6207
126248
28270
118618
167280
29612
86001
70281
30085
79178
181511
116115
179858
65428
135162
73191
184321
73032
22468
40451
136235
83035
64817
143165
150299
118136
69727
132136
90852
116838
129933
193885
50429
76506
129663
153517
69761
140344
186172
69816
24252
37686
114754
167275
175409
81755
19158
107840
197927
121908
122406
15811
30083
91760
4426
30297
79724
58924
144518
751
156240
29014
144469
152059
153998
120547
34960
193400
16659
179334
186016
170036
165699
27871
41079
99060
2755
168532
106451
31126
129297
95051
147368
5833
32483
78526
132858
5029
138996
36213
61959
197274
87991
129083
190703
34225
196694
196013
5612
18094
142670
74578
172820
12218
11144
104541
72784
19610
128817
17374
103034
76172
181555
174777
107081
181832
92490
147761
67308
131110
80010
137790
167031
187367
128002
6804
167090
25646
9727
147007
175368
9130
157498
67538
57891
72955
14149
19249
100751
179
153703
87561
7992
59420
189474
185413
467
19199
160036
55435
25571
12204
78099
15918
147784
51590
141302
32402
28483
87478
53215
175173
140236
113302
117484
163572
36518
164248
136112
88656
52040
155493
69509
169835
129343
109320
102354
182435
61857
161735
58778
135923
128107
59555
164622
181500
191177
5562
150670
129440
66471
121459
85259
69555
14052
65615
50146
71659
57558
195098
133408
43646
105405
113430
58222
96069
157102
32133
91617
66512
180516
19066
59240
135474
76312
23438
178209
61164
65514
189439
146272
152343
34751
89006
103713
60158
54399
153783
46385
182366
150841
178009
121422
81963
45492
174435
167523
149926
155098
133546
181024
31772
118662
199194
704
20786
103737
136396
137043
18825
38100
118387
180422
22324
14656
13589
134884
132078
158422
164677
148502
19422
160256
78384
139894
121392
25947
148818
49910
49722
6940
150595
174269
71149
190208
9284
137736
48245
128925
188837
72338
113220
42448
8774
128870
59956
175184
194932
153068
46975
84307
6362
10298
130955
160557
83976
177275
93114
82235
199193
130561
67479
106462
57474
116476
61578
47197
45389
2897
141305
177927
24784
180985
141406
76192
75491
50079
164092
165685
164518
82920
181242
171492
31039
196475
113485
178301
129031
61001
11252
148236
38212
90439
188657
183587
153604
124890
19644
51935
190948
65832
18289
156112
11961
3560
173749
196954
98353
47955
175824
130181
111657
95266
179528
172702
120223
160873
145429
181037
151452
59697
52534
184257
145213
130166
47803
75549
67753
51459
186608
88240
65410
24338
31854
4543
129381
72888
176881
95502
135369
66401
88326
127294
184549
156181
89412
149259
58926
53014
149839
149201
42398
94312
118334
137386
163779
60112
156430
193509
31100
29505
145098
138911
52819
35328
112406
191988
13793
117212
119164
171340
109454
160801
177075
121154
149792
129441
101473
144606
100413
151143
8192
194925
88299
183445
3091
62300
86883
180935
197983
134201
188396
108244
94639
192963
60035
144489
5254
129966
67269
183913
39154
67860
178129
161056
195270
90109
4067
163337
141414
112257
153302
68070
188823
138329
166337
73820
490
99257
54229
45107
169867
111647
75413
158020
13224
79991
43398
93717
106126
66057
106157
50673
9753
49668
49257
71202
109279
26687
65446
150074
19134
60849
9463
184025
26392
125525
15745
184994
108622
78556
6592
8046
45453
97860
124105
160905
104211
183814
7968
166094
147709
15878
192901
171945
51424
5178
194995
174824
185052
103779
41957
64949
173711
96901
104493
23203
88806
151073
155320
184584
92522
196338
101930
20191
31342
147826
26741
185191
182070
140043
192743
130669
26539
107711
163894
12512
158937
55104
138016
64704
176571
191067
186395
69668
96154
174075
149824
91359
11391
192504
134419
36133
175260
191172
87007
175177
1729
172316
129158
22068
70372
64091
118541
172985
116534
59762
131119
33010
90148
24081
132543
88659
57259
87692
66816
185249
147468
46113
195894
19718
78396
133
720
18187
28674
41458
131999
29722
175587
5560
21116
101891
174227
188315
94009
9073
4193
77256
175388
44358
146747
145122
131978
149884
116727
127862
185707
89741
18701
71712
86436
188412
108955
129696
109155
137188
74666
15025
170882
178392
168283
193519
21995
178786
158395
51851
184879
96112
135436
99208
167692
29921
134173
45387
63631
26815
47300
5327
53053
116226
2206
103436
141733
108864
187080
142168
154401
151259
153644
136777
147982
136743
51617
170506
189240
191423
21671
12742
174858
192046
134513
194503
148605
47040
108901
59047
180207
134975
20265
171630
79597
157391
98279
57556
10007
162041
10915
124504
104100
11766
104886
113025
33530
48539
27411
105440
149397
92499
136905
132341
167555
90302
96850
161939
14799
118045
179541
86888
19437
140382
143848
32163
66815
107393
9368
54585
148187
44469
28326
60142
137917
139551
133959
152254
80301
50703
86450
98681
87373
166759
35553
37185
176978
110415
115620
179071
147207
105787
183564
191024
167279
173785
126604
40163
154649
141714
61919
103694
31913
119312
189408
177922
9428
66419
167653
66184
51973
194444
76905
115926
163078
142884
717
91770
6276
156338
9101
196628
45560
111887
83383
93504
167142
152085
139665
150996
26065
81924
120128
141457
64787
137155
197036
116268
47082
13846
39828
180231
137173
49103
142414
141864
130068
139027
57716
170682
51881
3510
48505
197947
4831
110766
85812
96975
37354
34779
171553
11576
53886
166284
104819
184542
10962
161946
121765
111361
25982
106637
81694
24553
39194
187936
68069
170603
104013
176424
55451
180593
66933
157931
127964
150322
147684
79403
113825
59293
129655
87143
121494
124853
102446
178703
136792
30333
132350
2218
99139
96532
79189
52004
157728
120790
193831
179201
56679
77917
107990
27046
14565
53900
76408
186516
141996
199367
154541
87465
79937
65463
107521
189144
42920
110818
21447
106678
74691
130007
174162
171911
179985
80820
171869
89043
105426
185635
47579
66962
191443
32585
195582
74203
106366
167762
152319
189564
193662
18428
151447
161785
72594
127594
179934
136180
124696
78870
179216
2774
110216
28173
166386
173907
118766
173417
160201
90314
76183
183908
181869
161119
18854
184984
1268
41695
121467
46452
196033
143865
180973
104018
64205
22728
169548
117876
99690
142322
97928
130987
58072
93249
173170
129447
88626
155989
82823
99502
82303
183107
113894
21105
36679
109668
