167979
41377
127226
4937
25177
198861
186185
148650
165129
57977
146350
23493
143262
174697
76827
153535
71045
189395
20776
3199
19241
151187
70298
48018
146995
9196
7410
180561
16502
169409
189873
138664
34132
107203
112060
23695
22921
168131
112809
141318
16450
178594
22619
144120
26717
12905
19686
168269
189287
138163
42358
114655
131906
190282
196613
116136
85719
56581
66155
168968
21148
29334
19605
69703
27950
123217
102837
5216
192273
79091
135048
84381
167507
163539
132079
3399
24044
148031
54468
150269
76061
24982
23128
47373
65622
118223
92736
106597
41814
20643
11009
94396
73093
19820
150960
386
85595
108304
129952
183998
48209
106430
30836
104137
62708
171709
61557
144389
34805
35474
196622
132525
44730
50992
135723
117985
92692
51786
173869
151522
168104
195791
157926
130587
52102
120225
66452
62204
148234
35580
197057
10740
85753
196263
121706
90656
186719
3990
59636
74701
162413
56049
199440
95268
179790
116071
149076
187242
164420
138006
44417
104845
98426
137058
105541
15048
17013
124613
124001
75968
98732
21359
21421
187913
80496
194436
178850
25826
140617
120475
104638
145056
42828
138818
21726
80211
12589
131363
104719
42787
66723
90592
166168
78069
66179
71161
142578
159039
193527
13894
193237
66412
65356
146994
152806
47802
185391
13070
150216
53519
20067
97987
169925
92222
18038
193022
128473
184496
180175
90062
95435
58930
120854
139900
197448
44730
146683
89860
40679
66566
77404
64666
83669
143057
188623
55511
29432
125426
114277
171703
45565
88691
33100
23476
179320
97440
54949
198855
3637
98604
169267
61500
20441
23744
45258
171452
139981
171833
143341
104582
42439
185627
137565
90008
119934
131673
82254
59738
121126
40663
137884
56075
3469
130438
3378
167204
169720
162782
60668
4222
189084
42551
150535
50818
148475
22065
64499
33858
94080
159986
58713
91036
74712
182133
130403
29634
143627
91734
85075
10041
168697
144490
107865
45827
34651
149302
30507
38459
72017
38275
104636
132216
103519
150979
74185
155050
133983
95008
24680
31590
149341
82496
92369
153440
187886
28328
21541
21954
37882
99408
11249
88411
7611
41155
109164
119793
135776
121254
29069
71233
161309
143283
180745
147979
26553
38594
159169
132118
23749
48128
14548
41129
21352
167339
197593
97065
118878
163418
161578
29993
125492
108993
184170
7775
65437
169732
133922
22418
80568
184528
156550
23067
37860
38183
145823
84618
181465
61130
112602
199783
132827
19638
29494
142383
11437
114769
5393
180984
154234
48131
49919
141702
182196
88674
108123
179143
164215
190030
157577
63428
44662
176862
72003
163648
85046
7628
98074
94820
196052
180770
178352
99692
136461
39321
180640
12496
101506
92443
181364
71034
192122
123625
105277
12166
175099
4944
89908
52232
121983
55378
111914
133023
44562
135443
139894
85099
128397
144790
66768
124250
183362
143397
195867
143888
21051
17029
53779
101453
183259
96335
46282
178441
174285
149124
92044
194148
125046
67019
150252
47445
141105
1577
75710
136206
38
697
30547
170174
147317
103442
179500
38751
180410
145061
133360
9588
6319
15804
161514
37842
77625
123964
76254
58608
91941
98404
137457
16658
129489
25850
16284
97168
87448
178841
149662
157680
149846
84834
152404
64121
163956
73350
108699
26139
145104
90
140819
104353
36160
124195
9634
159831
23591
60491
45429
65851
56065
153888
50920
95435
10986
9645
29908
77071
87468
87783
111872
172307
140079
4187
120116
59703
11003
184264
79728
159496
58064
81641
118097
180479
163608
73870
114064
152781
141153
107937
132593
142815
148802
18624
23530
155695
95962
133677
85837
191399
49822
66508
46382
91065
30597
158864
67159
152049
61182
145404
116241
132394
74405
179634
81321
99293
172074
5041
121598
20356
6524
154714
68722
123734
167600
20829
96964
97523
127206
102719
106902
88001
114360
7487
49303
97079
34691
74266
110552
197130
19361
184274
141359
130385
198810
18898
28279
137694
75578
13742
122002
67775
13701
149090
197311
126791
146292
155989
156030
166385
71502
137027
84582
111575
164101
55551
102540
167987
47735
163495
93788
69113
197821
48067
123594
86539
64996
91394
191742
182018
155074
187855
137461
166524
189486
197550
94853
98052
142718
14374
145563
95177
73552
45884
119272
63027
57598
45596
53728
131511
50701
166636
144008
73686
162799
127350
59643
90449
16312
101415
123277
2888
117529
196687
193750
66444
121584
29434
5688
129754
84303
33369
36482
160305
137310
175932
109130
1614
67750
155850
15271
89659
49981
123426
69614
35085
77568
134906
160684
9895
34009
167208
184512
7147
54189
56026
193262
18655
79450
17928
195147
71811
181613
184900
171663
37052
119908
89834
13805
54367
143910
153260
132468
95661
164932
35045
199672
71292
148643
33235
79053
58682
6010
177083
86375
147911
56557
136765
114350
94901
185210
139128
105122
125886
90231
171711
129835
52305
141478
106037
98965
39192
15119
61180
87069
67808
21653
130111
189157
29627
97329
31340
79467
118040
145323
127657
64542
134502
7856
166727
82378
106096
42605
174121
144462
108735
76456
63473
176026
49345
109563
165599
93452
165807
54295
169900
99186
56818
72673
168491
161314
123463
104002
87776
112632
193250
50399
99070
10727
37526
117366
111611
144915
28122
4028
106729
162843
155656
79593
88304
62325
114910
24880
162878
58185
123552
5688
182614
99430
50710
169706
174090
44817
96814
192698
106584
98365
37278
70751
137502
18185
15721
100153
72898
122231
134422
166462
55880
119934
139271
193519
167966
23838
132335
107669
21627
126734
111784
79677
38887
133694
122760
101032
127446
82920
92814
19553
33289
131054
160927
193455
79390
22008
8520
41300
191879
85284
54205
189083
87619
11651
141790
79886
136227
98099
54272
155244
35155
185392
8898
166929
56426
76777
40252
165005
72677
60644
133970
115260
51994
3816
108158
81800
91283
161653
194534
27730
105009
1803
142197
74297
148257
24252
169542
197071
48695
41302
136015
130983
11909
48987
198169
111382
8698
74306
57584
12378
178162
47405
199213
61424
198168
156138
96608
157521
96432
159726
118341
105098
145302
59922
150747
187351
68081
142299
61215
124716
56838
34424
186043
4863
130915
172699
115625
45506
23603
195416
149657
62071
141426
181772
161537
103112
171065
94486
15927
125387
134969
169596
143981
126375
197547
123229
140328
87871
177604
120891
159675
129295
164782
192937
66163
164627
41141
174400
192220
158775
140729
181571
196101
24150
35692
51112
174616
108380
11807
22208
131331
115021
46637
78104
41911
193720
125109
72260
72650
60189
68019
87382
10222
6891
194985
71588
59277
82035
131502
173458
33606
87252
128595
10212
91413
163909
154520
177471
160043
188127
71738
194988
179490
67150
131243
4854
85461
72238
34302
66250
11856
23036
96733
89740
129187
109530
110678
182008
86869
62112
41402
130765
178426
70937
92148
15736
120400
162346
136830
122110
98758
28516
22731
65163
34527
151907
14372
73318
34196
174433
84853
51147
101232
56040
92925
195638
184165
95272
131701
135612
84162
56813
124627
123640
174002
138660
42356
126522
121227
55763
54350
166087
112633
149275
95618
123531
91111
140431
17442
80733
30987
20318
145564
162867
72920
189304
180344
137216
196447
66729
147214
193834
88995
15736
66622
110291
26581
36435
157894
8175
156582
22634
17790
58683
126655
175575
176817
107429
4416
168799
7357
41460
173701
141962
73088
29266
164777
33897
85126
119856
169825
21873
1547
142370
49648
182274
13489
50761
150126
112639
61083
101378
7121
13701
49525
176990
186283
11028
7377
163321
78866
47311
197015
105969
36512
62639
152640
65918
169176
141820
197056
138575
45603
158573
116861
31916
117735
97412
174625
133195
151769
62787
120450
30800
92936
87834
147704
142525
35136
25930
118164
55432
6063
167690
7656
9129
129823
80578
111393
30920
167473
83811
12038
63509
130266
132131
143754
166331
4363
110206
160169
48811
52647
27486
140354
190726
177059
174069
106978
172044
40469
5837
46533
28273
114033
196954
52702
89228
12358
20098
177011
53290
198240
21320
29917
77755
58735
183671
6097
16537
46258
26764
148902
40772
112940
198333
36476
36398
29898
44554
159546
101141
90610
127214
68727
83578
9071
85880
158585
183316
34868
124106
76890
18530
166520
51169
71729
124067
136999
149164
137620
67377
45957
88564
33515
32578
120824
123267
24119
60365
70413
86503
6088
66810
35135
50545
129509
175008
175224
164935
158261
177956
98819
177015
91181
100475
151826
53166
82612
54643
124064
33050
71967
35110
18347
109021
151806
58362
126024
189303
58030
154336
149125
77856
110894
196355
59786
58592
84669
39846
33283
184625
41620
104130
22897
132166
83295
178534
69775
140284
140395
173447
51538
68688
26075
159549
91695
177464
67708
183379
35283
58425
146332
52052
94709
11220
188547
4153
60886
196082
144030
61676
46187
70027
61515
168729
73662
174306
197336
12846
9848
18172
9788
195425
124709
108702
163167
158854
194739
17975
81349
4424
177489
185691
59507
186998
60977
64925
173869
25146
5095
73374
129163
124597
126530
79018
199120
160524
146937
11550
138441
58913
129490
56811
56631
106085
59466
3245
32826
19592
129891
129017
37134
73812
175606
13132
61538
191970
122510
75383
19095
131035
84447
142674
187300
59478
16911
161009
179080
2952
7000
67936
76178
46354
66369
33017
128929
57486
104577
100571
175379
103487
49476
156933
95322
170371
100622
117864
36180
40342
134772
170345
119397
180713
128750
163311
127959
121780
99875
34360
174317
12423
111467
5072
140816
132687
119862
191784
61839
86486
108506
43110
156312
81570
182491
104178
30482
120059
79700
7732
125538
117330
133268
8960
151340
44338
107964
167050
161371
179694
107659
196056
80642
55022
146678
10047
30245
47546
89581
75125
5307
77699
151463
121488
125855
184301
180767
4714
177030
159006
60651
86354
57277
170619
107012
28200
68038
72846
119293
34950
123539
138453
149059
199960
113831
97517
129380
155738
191759
36687
176670
51198
59836
119989
15795
131768
182110
148237
178145
81762
197478
93389
3928
106621
147478
18118
44555
74552
138551
70057
25355
12311
143498
109115
118132
130304
12860
51154
37682
187806
134612
22215
188111
168677
39383
75272
119270
190991
90176
134934
53030
112440
35121
74135
88915
148397
20381
75207
179805
163454
108881
194040
75406
85918
81065
54135
145483
147378
188281
60974
178379
19635
4733
172475
99781
48443
37896
33141
173355
134965
107044
143994
44531
71803
80162
41063
40328
122156
150820
162540
65335
61554
79163
83757
168468
140018
17874
151446
129979
93526
134767
177566
53634
131402
151032
111734
60926
179960
90225
121823
149159
51609
164104
93586
165088
104905
73571
23390
115397
53540
15812
39127
171787
93540
68336
54814
52069
52227
115391
70723
81375
93273
8488
102888
63303
68943
70657
123510
1197
111607
123554
177928
27336
54284
151935
86157
34273
76368
93412
83242
53655
76689
194179
45442
77704
135752
45629
157118
103672
78726
62734
106198
96574
158568
74532
9945
67752
104218
45511
49123
73228
185753
21837
76350
89858
125646
130794
178060
140363
110605
36452
36090
170639
175758
76348
67284
122892
186426
22997
42444
140115
183066
153280
143664
137089
73921
20228
154557
56134
139862
177387
128351
10763
131549
43582
140460
31630
23926
137446
135345
23985
56366
155305
137499
159707
67590
61036
176027
146569
129120
59142
176922
36307
172759
84628
36908
126987
6193
170162
4645
35718
89596
168953
173964
92657
161864
102563
25157
137439
49338
199736
74262
80527
93084
8894
123817
92272
144275
1508
64497
143710
127110
190786
160108
84131
180244
101018
54702
105760
161704
181561
189790
68880
149184
36808
144481
65822
153345
140297
62972
115703
58925
140348
14317
155755
122552
124124
121480
3519
128210
1849
102209
58722
139398
34443
33339
191702
178485
54472
36685
33051
124638
148361
109647
90870
12723
187561
159931
183010
113379
27525
34872
12448
63099
108182
53942
8870
138949
56873
105976
16694
146292
35695
122074
51267
194423
118683
184383
41699
147150
82552
143251
44358
7553
139868
90752
14836
196792
11469
27460
175669
133584
97588
71092
48816
108312
98483
100574
77045
64628
1085
114916
180409
189517
130098
17578
95126
173587
377
123119
189689
67718
153856
27241
11706
70022
55174
39155
26398
131927
76706
48150
173750
132557
57143
669
147263
50657
18320
127994
7676
152190
8745
98552
61080
19895
178079
80469
7500
3654
155704
151014
45856
161808
166250
93153
79796
89925
53386
174660
121633
112791
191973
10736
89996
186599
8653
185883
157838
152413
175731
175685
185403
14507
141628
90083
81604
147142
193457
46454
149433
16411
187576
3231
81788
59486
169922
6217
185966
83255
54584
183260
6284
93953
116544
193632
155289
46632
103837
103310
45210
132085
101810
159632
11232
191242
82871
155461
150669
19114
73321
62343
21822
54734
162269
90734
81909
176824
136238
86537
93
9762
15768
14888
30977
118742
139729
165020
178232
154135
61102
1136
185313
145785
152607
23346
53346
21693
125578
117065
54682
18965
124293
129437
55764
175491
137821
11901
122921
194395
82089
134398
192392
83745
57512
104233
86184
5500
107895
85599
150232
79259
75970
88708
195030
111500
112412
119344
27130
53537
174115
41965
177184
149496
76501
127472
47033
69162
5602
103931
114614
92585
44665
136069
91478
160606
129511
