8690
41038
150649
85103
173033
89295
120891
28802
66197
180423
195851
100582
113361
188049
89951
84337
39153
99095
92362
3852
155241
26794
1133
67087
87658
191635
136799
7297
113887
8
168172
157061
76288
85835
172053
91890
18509
12711
183876
95042
27297
110326
98228
66235
140978
9961
62464
151308
119295
69973
38424
127796
24068
31754
117459
52762
13832
63168
77289
199837
49403
149642
189491
67182
10517
110127
60091
68235
142953
63337
181995
110701
43503
33903
63017
153893
53831
46003
21990
102678
170649
38877
101091
117825
144910
164655
165677
45503
128446
177199
102981
179271
88960
25755
122256
115362
45822
178399
138025
170510
178800
159052
118124
161559
89862
169770
182193
196916
109333
147265
87493
48848
190514
170850
12873
116816
492
72241
195140
93520
144754
141754
179893
170605
110939
165671
136803
31290
112817
68769
162866
174661
42246
32059
68700
86769
171448
121464
182357
37964
17276
153268
94644
168161
54893
140054
57742
73590
17616
131785
119200
108784
150688
46832
197997
133717
129847
47278
65902
151982
44537
119861
143287
4614
73727
36168
74154
147469
197760
48331
84406
113891
99498
85830
110725
10162
130914
50061
153787
80661
164565
62578
68910
114669
17701
101735
81971
93160
115976
69879
173390
49382
40304
115997
134179
114935
80604
53455
186430
114820
136647
53217
115764
113640
111022
62571
63556
82096
13541
127495
71429
79283
128007
37039
148371
166324
159720
25166
104067
131593
160057
119331
192229
197948
14409
106646
100168
107638
86972
171462
82719
5462
40763
99775
154183
1221
91383
33452
168347
160849
114627
67123
148008
117366
108703
92061
65810
40788
107533
122756
48258
136582
183085
50444
98043
12488
188142
7062
196544
71891
56012
2022
132440
164611
140057
142857
71560
170269
77929
26821
85544
6891
15193
78437
136217
108383
46417
155169
22877
65539
41236
91138
25448
45667
86425
66960
19043
174931
69112
35034
8765
154127
98568
191422
54004
28275
156853
142377
58977
126491
65883
95214
55752
84726
25742
89023
25535
112770
28269
94770
173560
117757
71312
55261
31682
8771
173883
137114
82107
59497
186450
84988
41641
112415
140394
140886
104846
37418
177903
121161
92103
136836
94730
133305
182304
2619
143811
71832
187333
22048
13871
83494
102530
101935
36027
152103
102794
159520
93122
62147
53490
25138
80936
125144
79560
195444
20242
25942
64895
139298
158905
80663
192240
119385
32480
163389
83664
144538
141132
131033
112240
143774
46782
36214
118855
152634
188021
182651
78949
142801
118011
144349
85926
80007
40398
142381
69617
150645
7651
101231
28212
36596
140425
152312
80181
41010
723
92466
29516
1759
187851
127203
19816
156930
83255
122876
190280
19534
67783
40486
4855
8067
129091
48231
157991
5645
62789
134350
114355
90875
22995
38674
16094
47089
7166
53291
133189
116204
37955
117798
94832
146575
33786
129392
124302
182362
30471
139083
10725
100942
156680
26244
37480
155880
140422
182189
127757
86729
23084
178350
106112
81224
32359
162674
88401
99399
72575
53828
109074
111096
70914
180523
108472
101973
136094
176489
87443
123125
93730
120542
2906
99679
169666
128068
133453
86909
59324
163763
198683
190549
108187
77204
37644
187484
44893
83729
187964
29659
137155
75217
158803
58481
152117
85403
107433
25300
31142
12400
142841
152124
180492
50747
14288
134470
91558
108226
103776
61003
27791
17130
116683
170102
90012
125208
25670
9063
195329
141171
25558
100381
135086
99469
182875
37765
102898
141569
55411
131026
187351
26226
107749
127216
147310
152459
58942
124278
133996
160234
91157
45290
90684
155875
186023
65720
67506
16798
112388
140080
150450
198786
102688
140022
3064
118077
64121
54859
58152
56286
69812
17466
143955
132432
94505
145492
96006
36745
195147
8465
19417
151738
144877
150287
139519
169148
114419
21676
170692
150244
137573
83668
179916
152117
112395
116470
134782
127518
156828
23748
168616
133362
75216
153035
73019
165625
132997
146290
123885
176340
117455
54091
104902
196767
34630
183639
149737
104701
178838
11403
172278
65962
11864
135409
101020
154198
80373
16834
15207
89909
90418
50612
152280
71926
131594
22808
155396
43408
145845
129505
163957
106859
159849
82397
185077
67923
4641
74820
13345
168222
152389
9082
17826
196098
144375
113749
125045
160055
97097
99377
103080
86295
19231
46495
20155
75028
89677
155439
18308
26454
43898
136046
82486
142680
59377
151669
170019
61712
74631
107469
9728
53149
171903
128312
116931
20367
34710
89460
192473
186204
88914
155440
31646
139641
89198
130386
189949
48021
161587
34310
24499
22365
182874
17272
31855
52139
197813
104102
8272
126774
52162
4241
19538
124444
77601
30783
107755
167814
107869
14384
157622
76172
79886
133057
187439
48830
160383
57811
74980
43051
123311
64495
112781
92217
172843
150409
77565
51248
11850
188623
1826
93177
143415
43222
132583
119856
156798
31742
57646
123368
26173
18450
55817
193877
27664
151966
33413
96380
75082
69610
3285
143159
73185
27096
13278
14438
14718
121463
136347
49053
52309
103644
156541
185036
20659
65259
139162
94336
142553
28303
124811
135507
158197
168899
22997
98883
186599
134340
33607
28347
53372
196610
85203
194694
21836
83912
68147
115647
57443
5414
162129
101685
89446
16746
177905
24088
157555
53140
70638
151616
120675
115577
88229
15860
148747
196025
146676
87238
5873
186114
126813
151850
136451
137581
7975
5035
57831
4668
192458
183498
72040
156513
487
142108
114817
55282
135228
95838
123270
32065
97505
18364
107103
117607
193929
46701
99127
32315
129224
42818
13038
144584
56006
66895
154783
103238
178505
63929
99679
160626
19460
127765
196252
62764
135852
9378
121060
109161
132433
33342
74172
15228
156486
116746
13428
132893
52829
165863
7546
66596
59410
37149
113164
198262
83978
56310
69892
177930
191368
74108
175118
88625
97148
53251
25565
71028
135186
92708
27756
117050
146715
189517
96980
84387
20796
34191
116634
70640
160582
59560
68129
38689
121749
125794
111553
46584
22569
40824
135630
142511
210
132108
198626
124667
24376
19345
165541
226
28665
157522
94476
173218
145167
139268
161647
62660
7593
3037
74389
49453
81511
148697
80521
168244
142324
174135
191350
36214
34194
10511
101848
112626
66430
49952
9161
130071
133665
123539
125766
42767
73946
167309
5731
160515
184551
78296
79984
155975
107011
27180
47889
25149
39624
161444
10444
159196
151509
194585
117483
93064
170460
21585
188035
11901
166059
155980
166851
166562
138664
147151
51454
136249
49334
54423
149257
78555
130263
30801
94461
130215
139106
136341
153147
58954
41374
43931
134495
4013
186631
154443
139479
112228
36535
144
64862
9309
76430
108100
59130
97678
78397
189963
44161
190041
180724
99914
149406
125116
198994
99698
129609
61770
90372
94333
39765
186169
21556
199320
116256
164231
37660
179609
63333
153359
91831
83199
192877
187408
173462
47505
2560
119943
183982
96623
97135
129397
24327
122096
49585
70299
75551
170091
168147
11677
179200
129177
111810
39892
181690
86095
37341
70919
179859
115098
132099
35868
45190
97850
92355
162398
109484
92137
163737
133785
35432
110706
145688
6187
58419
146633
9976
177952
122586
131133
37164
32415
60069
104730
170838
114868
108359
20671
77681
153736
161467
19610
150324
127473
100064
84822
198363
73742
52227
108689
137760
63730
155323
40142
118680
102834
22208
38409
188698
30272
167543
130890
70216
61422
59616
12453
161384
195940
157765
125049
10019
157874
68640
83590
118767
37197
116424
186520
13420
72864
104490
107131
71150
156460
102141
126460
169261
197236
7252
18598
48218
171995
179839
87007
150554
172693
55400
171649
157273
144002
111676
163792
148432
54419
159874
24148
125874
180886
113052
86253
98553
62099
133375
87802
32308
113635
132124
132985
13796
161684
98145
24018
189277
69312
171438
134187
80706
171604
183787
175617
79874
99108
119196
78494
181512
183699
71998
172556
96376
21126
21791
169530
174019
114335
121582
1380
133404
153069
69468
52155
36755
122833
144936
141001
128862
148618
124805
177697
17908
183302
61644
117948
81821
64047
35195
83132
180544
70267
73417
148570
110748
101346
158090
191647
121372
131151
26993
13084
4606
94845
126828
174789
143732
197176
8279
107092
184566
35309
97900
17082
152381
50262
128209
38252
189551
67257
81267
171969
5697
191835
73076
1056
157334
144184
193656
192499
101926
230
51314
42278
155598
66403
57539
144188
173363
91424
120947
81873
125932
89743
114236
119394
168573
88236
176317
190697
192050
45763
127550
56852
19995
24537
89156
76461
160432
122757
130544
118545
42913
81165
15476
153903
190919
133560
73568
1663
37526
9318
118819
150832
7126
59653
160094
60385
33708
86961
24273
140840
119867
109198
46525
161363
148557
86020
43817
118383
70046
7381
107956
45554
187206
151969
175279
40555
181256
83336
177546
109844
61955
92980
17338
69805
184144
34245
135721
102046
85314
150967
31729
54612
189458
167679
109773
107013
137257
114341
190690
147257
37583
190447
59060
84553
190330
167420
133110
110778
29927
44892
65788
107471
189587
139746
122297
39474
74796
107522
183055
21005
111681
137297
6888
22625
20851
122109
170086
93772
127156
93163
8796
95589
55324
60081
91309
65546
73229
35071
180330
68477
95333
183824
102061
104218
6788
182114
166411
8157
88729
110500
136639
48901
61140
93279
93391
130204
169756
106249
28899
102451
168457
130250
44116
86688
115665
103687
194685
130241
178440
199725
181792
124482
46154
148649
114522
119577
89847
37112
18738
161682
183282
167842
18084
843
60940
140443
123456
128543
60422
121538
191022
65203
91722
84644
189980
8264
151199
105416
182077
108576
172354
129758
157247
13655
139485
186104
89200
83166
14250
111554
132429
144754
199502
84836
48651
23338
126446
89632
119435
49678
159486
16341
4383
118572
61618
157631
195989
128873
73066
175946
37690
180936
55079
91166
60789
88083
98275
32585
28580
83443
124695
24660
100357
162533
142349
67156
66112
29853
144974
67217
82369
103788
27421
33042
75530
34744
169567
138526
43100
199817
53785
107500
134754
139054
108921
55616
34850
55161
46429
30318
97208
140448
139776
68096
186415
181582
79833
38989
122486
161994
136159
55858
13780
185356
75342
103350
89432
27894
91014
79878
142555
500
121337
162612
178894
89170
49166
7521
87317
172654
111909
94484
175304
137127
43768
179935
126981
25486
37074
76497
88896
69738
56860
175076
77596
58257
87125
101359
94785
185944
96111
101568
159101
95176
122143
81366
196147
102509
29274
29501
132532
15681
95083
126457
23556
121861
81891
45102
23911
51505
70596
84415
9333
50799
86739
94176
194353
4790
41480
27592
128826
41578
155993
29718
120358
76110
131903
72584
51696
165531
180994
42550
149806
77890
173427
162535
14667
117457
134762
133444
169416
33915
198341
54006
157143
82531
120647
196038
29461
7737
96244
145233
129034
158061
167261
190478
187466
59446
68104
8975
18532
66601
150950
125287
139602
115082
37503
186052
125816
128666
117863
135982
28792
178024
133342
83743
97789
150851
145959
84275
163327
52831
94019
28379
162200
72749
124551
3771
49594
186424
12094
153752
169359
175262
193117
103046
159682
164130
24538
191335
43443
23060
156300
179156
36846
8338
124945
114875
147920
19692
73505
90901
16129
158173
105717
102850
105576
152887
132085
100217
166742
104267
38073
116597
106898
66704
173778
157056
70856
130979
48133
130612
9250
96749
80606
178777
152381
131217
125556
89820
34054
15972
174230
21353
115290
39303
20051
133361
43677
194358
2919
77995
75285
84601
5570
166966
36586
29564
196132
82744
41901
121093
154418
162736
184889
52082
33625
166196
110822
82927
194324
63077
56471
165538
98728
61522
182797
43498
65075
50173
46951
44360
118514
38221
95231
142403
55611
16346
161676
7647
93026
97131
150848
189670
52515
11716
44838
75719
10083
100975
92049
122529
6431
98228
104407
53208
175506
67840
194725
121678
196719
187743
87275
147255
138876
592
83040
185618
69645
142375
52383
36721
99693
14761
70022
77547
33138
70383
10253
65501
146734
19741
74347
11198
174234
145379
173396
148039
53985
77105
2622
29437
105992
100443
78682
23676
23510
72243
83328
38730
161856
64151
136215
129082
158490
171495
88213
75401
166978
103065
155123
93670
153501
119832
168514
48634
197799
51442
151238
198637
107421
146249
77649
73169
146323
603
197682
130678
152859
141500
105758
109495
181889
175362
70904
54743
198701
188145
82302
81
87772
142067
133041
183561
197418
145976
86525
158751
34714
61409
143973
146442
174455
191094
3465
13897
9077
155192
79906
74488
192718
59272
109247
131251
122437
75136
50907
103412
128927
9446
50194
123175
152800
72326
94646
52268
14782
155803
28048
182099
36799
29416
140532
97391
108360
9080
75390
91431
86685
181004
11958
64722
179149
85832
153848
79383
139396
19058
48999
141848
143736
182867
51298
193484
125237
90018
11378
55506
126517
29801
116923
6934
184207
197839
76966
131186
4654
122858
1111
133398
137013
131909
18323
26424
58981
67734
138371
81643
5361
181858
150759
174317
170281
121238
136496
145389
153803
125753
103754
3231
24758
23264
93097
175958
91217
20685
7641
77288
16515
154140
26297
76292
37202
48009
164024
27944
96733
90348
134795
105845
916
145380
110024
145259
44385
6526
143769
80673
22826
115817
156873
131139
189509
96619
146963
49269
34722
45388
172318
157965
167275
84522
11839
154820
113268
81134
132796
21432
97529
17596
111704
131265
122305
171036
93239
22317
137351
180855
66488
194871
45467
96983
98340
120060
78356
6261
176646
73043
185018
74586
102535
129928
101875
135847
175942
165395
116230
109440
33098
155354
139852
176070
23632
93485
198785
188473
34431
113153
82654
21468
46656
35822
173282
16891
187088
130968
61309
93609
197477
51685
136934
654
48280
193265
24459
198175
76611
52139
47413
68098
51192
100866
16021
138552
184534
98699
107205
194464
97851
17173
194711
157162
125984
169249
40269
62513
67076
58651
179074
113613
138696
129073
87028
103105
50314
42600
85087
95424
4728
99192
63560
56519
121511
168502
35536
66220
177397
181898
67721
43417
196676
191023
179538
41367
161527
144067
143187
126339
63601
69974
96159
3988
43028
26439
33498
3458
46507
28276
25152
190978
123100
110904
117092
112329
162403
26832
87605
35951
182569
178096
183454
46916
138793
87455
115174
124174
33768
3706
122550
192326
196124
26957
9814
111464
139095
38985
43192
15073
196914
188350
107632
17161
104
49884
18579
17576
1451
163398
18460
62423
1768
80889
44331
50640
10047
140354
115154
132803
163783
55955
7721
15493
112976
70114
58602
93224
159409
49956
38378
6663
34780
45825
133583
99542
61954
199159
93595
147216
2204
93840
94639
169844
73271
18784
36510
66919
47674
90075
158029
74988
170012
12844
66316
150008
164368
76309
113248
137472
157811
48696
124283
31855
199962
47144
190600
46636
113876
158094
38336
159910
78930
193655
64808
182694
104410
124276
179665
99619
163856
118468
112475
136259
190847
135571
137432
82144
74981
22013
101767
119659
119021
193247
128273
131451
77849
120330
26990
101665
92649
44129
130330
153323
12383
140554
157942
154254
68290
32052
137409
75241
95279
51048
108785
177036
31906
120448
193055
132170
166335
100426
188124
42208
1624
11856
156888
31259
14883
149226
30116
116282
175366
174984
14086
177597
181034
28522
193095
113759
127865
192297
92758
61512
110542
153099
96975
2921
100312
178519
191513
172736
46355
109223
73390
130578
137100
91576
75018
22149
2278
85777
12015
85079
36600
74308
64590
78374
187201
50680
103715
117255
80380
160741
40672
155438
188642
90147
97408
62832
58941
26833
179118
68984
171128
54407
183409
179577
105557
134816
129879
174121
175749
78775
119263
142622
6349
83482
90085
151748
157318
53979
153524
169555
129383
199205
145098
83774
96171
90983
1961
97020
43200
57982
168044
134708
67618
19946
56420
160338
98824
180995
120403
179379
183382
61547
189849
36863
103785
91363
171458
142565
69923
135690
194290
193563
76393
101752
48339
87475
152343
183751
180261
95415
133304
88069
75775
2255
109090
15342
177164
52273
83389
83993
66875
151353
196505
6282
124785
120837
51894
159210
60659
75553
17835
79224
33553
29252
58998
120878
159924
84983
90787
126395
55369
193098
138574
54728
167329
171361
83566
98479
53787
136436
104589
36645
177914
193011
39628
74984
195708
137108
152344
196011
69975
100943
190246
154327
145833
10662
79610
85970
173547
92517
48499
11497
186616
164699
90073
57650
138229
185645
92607
155315
169993
136653
18402
121569
171063
30020
184310
128899
14337
193848
191459
152553
150601
156597
105289
180511
68195
173065
126579
196042
75253
128116
183526
8617
60504
118716
152999
145498
8766
150476
179085
14418
85595
143776
82162
145160
145392
24660
111477
162236
187211
116693
10615
169477
9647
59564
172570
176857
59795
138079
61158
94455
38932
15237
88666
135927
166695
4168
163511
155569
73777
73037
30391
125464
196682
53672
120773
114916
46099
48706
91544
147945
19992
153182
65244
157057
29344
101059
56937
57454
91194
100346
13687
42508
149244
17592
183170
106347
19873
125037
41366
122626
158766
2551
192126
96999
192288
81729
133318
166670
102737
16392
44446
53702
89925
71625
92135
166547
162655
45859
52605
100789
144109
159728
107106
46863
163292
78525
198963
139306
64469
186089
27411
95049
151528
192406
82809
108948
198694
63469
161127
105735
199532
68910
86224
163156
167522
103599
114872
185849
182338
91462
161597
193554
113210
2601
129268
182613
116152
170048
36640
118576
146217
122312
108931
38032
28133
96123
138274
52585
20959
194280
125055
58931
7205
113080
149062
35566
141540
123875
56732
115122
15457
68719
182197
42841
162837
19587
187788
164834
117281
70728
86951
87838
47245
74333
93179
101252
66224
157887
86540
78449
71739
100273
163659
3762
120136
122174
45078
39533
199568
175332
51107
20252
112186
121291
126983
63106
3640
123674
165374
187620
34699
88113
129452
198323
132946
48697
152539
60376
99070
184332
46031
77738
196686
139269
29020
53947
139619
166392
1042
36377
65553
174283
75247
174547
54211
141017
130592
122298
149325
50559
171926
100984
65113
35127
185720
111458
193593
66721
1575
151682
94486
189122
105333
142966
110011
195003
140404
145366
29319
71378
82298
20198
74538
191067
72438
181968
35947
184907
186702
10850
113151
142712
57520
105225
17966
23695
90649
132484
50847
91061
31476
74402
174976
12999
134410
173271
110271
138951
194972
130278
193588
144622
35319
136049
103306
107526
151919
199197
134071
17515
22686
10752
69774
124363
140209
135509
147173
165296
40106
34839
106509
80669
8920
40769
44510
118884
132985
140868
139004
171198
57648
49026
74332
118363
21054
143257
17611
33838
134028
129995
50939
6882
195635
20830
43900
44540
71972
38953
43390
76712
91497
49695
183177
108777
114668
23575
152272
125720
139368
23889
155768
57094
63631
60342
170931
178758
174975
87242
29719
104889
132057
17546
20503
38989
9007
199601
183896
135979
151714
167291
37055
65278
80564
83750
5620
41156
115178
166277
186200
74373
107343
7002
58753
137942
124339
139331
157066
141497
122840
51867
16229
66377
57830
130607
174859
18850
87659
6757
136959
92712
40367
161179
23529
167820
12283
135766
35407
77092
50161
197876
185949
31765
34247
107066
110048
86536
96002
153740
56735
143367
156488
170187
104741
80759
30677
61088
47865
93067
49600
152180
67603
129519
6138
137999
171674
98290
57760
34427
29874
40290
141859
136350
40917
146407
182723
133133
130691
76466
55715
81216
107835
106966
59238
4353
160330
168394
49020
148357
179321
115333
153918
12333
126949
3542
76016
104505
185212
197124
66415
155026
102773
54517
59845
166780
155801
121351
149696
113243
167980
143608
196334
112940
25862
195320
155523
114466
22236
131389
11565
77830
143662
151308
108113
103781
122268
62330
107647
91145
169110
148276
103738
48587
196408
119369
12982
73291
107790
598
9142
30507
129031
145615
138325
199923
127427
78968
68855
57779
38294
2027
38449
188154
9761
169222
103536
168425
52837
80385
80426
16657
98596
91983
87414
67871
53447
134422
143617
105412
199141
95715
15912
121839
57397
191984
198551
79814
177626
185466
17084
101759
15246
1292
25970
142439
197392
102994
41926
70361
42777
83089
168129
96787
142544
142607
102950
79944
154653
58094
1925
26045
49467
124149
153373
62602
78459
120179
100629
30372
152397
150553
57460
151478
114866
162814
151335
92218
85397
129305
105430
155516
50665
38718
73916
121017
181005
103305
6037
43543
79657
34927
140443
199675
59575
11109
69158
66542
191444
67119
147423
48918
67468
13906
3880
195813
137573
21267
26138
34799
28653
167268
48883
92176
112760
124510
8830
91637
120029
100061
116048
197415
67149
29684
119316
90330
149152
179187
98846
29195
160617
61546
16087
8352
52682
92270
129117
503
26591
157070
190121
24914
143925
18266
32098
3846
106669
126496
72833
98659
188211
19341
176344
112689
193991
30234
135714
21136
185768
133283
114322
55639
104909
78138
137299
195875
110205
140346
91333
38883
95791
102789
163858
157745
144940
136210
16220
182160
120764
51584
121524
61383
134576
185604
3379
99739
151520
136415
140342
173461
54769
6503
45887
131553
104665
53449
154830
149013
62553
88249
123919
192550
161644
54127
353
135750
171125
161462
169365
21983
147073
25152
40254
73390
47102
39000
103338
187983
150401
128874
67308
90374
104289
103554
163925
8703
162557
75516
178665
138874
140218
20083
45718
100857
171247
100120
78916
183110
143725
94227
70525
60712
60709
29874
112649
142146
165839
186259
142564
143456
137484
183073
169776
31044
127822
190716
51031
101840
124683
152835
20683
69990
85008
169499
66878
18819
66016
161747
63739
60566
109660
174155
153367
51465
179460
128417
90028
46422
23841
104325
105368
24384
54933
13868
158824
164036
159045
60320
84020
146207
192065
58599
121486
141276
9756
163244
97588
37359
7464
130161
112855
140643
107241
45433
117741
128010
100383
22875
12903
118003
78415
189902
127138
75678
148931
53378
128449
35890
34612
188563
124966
4892
156441
177494
160430
57107
186547
50359
106623
166195
160349
109156
44192
104360
152738
14746
119899
116890
14385
51946
56309
123522
119600
95700
129550
81514
172549
184029
106766
152699
161489
53825
136848
21689
72483
33150
153868
191241
71598
88566
186534
169738
103333
176730
33862
185241
177200
74326
106879
194353
58132
36948
79066
28212
177424
161657
181626
20285
12120
185611
77203
194481
20523
167816
58370
164382
111954
99972
99356
5971
105174
39421
71907
144255
130233
147589
40673
149252
93483
50965
51702
109024
64901
115091
192522
135759
17984
100406
8977
150119
20400
16752
155121
83203
71923
196963
27851
131186
132587
170688
171235
140873
180793
62751
177348
1496
67581
75480
61842
134770
45439
92747
40744
25122
31172
183118
96769
78345
190035
62197
106788
32528
91412
65247
148548
188833
175098
135699
168034
107273
98904
165505
140160
171439
35042
164825
108235
59845
106252
100041
50958
56247
97294
121998
1673
141649
27636
130436
65046
10864
69986
196310
48683
70543
138700
148490
172276
26468
146000
86348
24538
20166
16542
79978
175247
124436
25367
122491
168502
137645
33359
187468
109966
137576
151312
153814
112631
11780
177739
168812
3237
90555
93604
63605
153484
191738
114848
141179
158302
156604
74741
48145
65104
174068
156070
193891
105071
64464
10147
177110
64384
101914
170291
131589
99689
38990
165505
50576
163765
15810
127131
167279
101135
152120
4256
95224
18029
176997
67872
89770
86704
95970
80022
154502
61094
183393
158544
69622
161605
126867
186708
195641
39709
170592
9801
42940
123745
39282
37808
70308
28388
125291
81174
127318
90259
13317
42381
54926
156031
55150
64019
10926
88631
76693
83007
47580
127566
19440
81795
157268
179219
133101
128469
141267
189864
72080
52377
48744
66936
75109
197646
91436
127577
35628
97919
146099
68690
199129
130912
23673
115894
52642
146343
102191
179379
2288
76415
5818
83036
97756
14362
184310
27979
56636
171023
73608
146522
107116
73178
143270
109878
121049
51638
90954
104732
159378
163044
91192
105044
103486
185738
130989
94546
167125
173229
63818
129433
35884
114915
172633
49589
107893
509
169971
47882
31726
111896
158333
88053
166334
165265
197009
191246
2317
99040
184532
133347
177827
115656
123249
151831
178159
105616
19234
83414
95867
96606
132932
59014
186301
49882
95751
174231
154212
134352
123197
186647
75331
37041
69751
175627
40849
78652
84795
85353
4604
85321
129799
154700
2800
138250
9750
7458
7593
32335
109333
143444
19801
138842
68435
75005
72140
28321
108684
79544
132613
180472
114841
179725
65740
65764
8363
568
117614
137208
124868
62194
86693
42836
111573
44309
109213
169315
77039
196110
86246
20920
18885
57090
177859
542
104857
185665
87203
43029
32603
51541
102440
146596
81464
171056
54299
82591
18435
103021
133872
124060
103377
2463
198865
76775
48358
113048
52514
31974
198715
83527
20211
141071
25057
116249
104548
32232
109366
130689
79600
55964
189519
106508
93386
168385
170890
2967
12895
49947
112455
188227
21005
46234
15100
155790
101069
139012
15324
141129
115608
101118
63506
72570
113982
130920
99516
54032
164131
136364
20206
27106
116363
138059
149068
22649
90790
171826
117977
163590
16420
185952
70325
76398
126330
5987
46516
83016
86081
71564
195283
197907
38305
153938
61101
15067
129507
87103
196957
194179
163009
102872
63909
21471
131460
145731
122575
154245
22369
30054
180786
44785
199615
39490
66274
86553
79581
185129
59149
122544
80596
140331
139036
2051
49615
146480
94240
145902
170727
98423
107155
66750
88710
67331
71626
177624
36528
79169
130208
147652
103367
12851
153110
180107
34584
181893
36638
118404
140396
148903
165413
155322
170229
36928
127738
4299
45898
112434
43773
99898
127288
140865
167115
84020
158409
95781
140879
189596
135584
69497
75858
100664
173737
192396
167553
95353
127306
31442
18661
107815
138944
189655
104757
143895
172924
15800
142064
78987
16942
49253
158230
171057
78562
161398
146926
126460
130747
142768
192459
166439
164630
30582
132702
96744
108552
175728
47308
190167
29043
136590
178001
34613
55904
72129
140756
161889
116650
144282
178184
139127
183376
110831
114178
10150
75557
86210
92769
76222
172025
79270
169356
26029
49312
137986
88771
174875
179657
84392
108371
83032
72342
31859
145946
182383
91307
185452
123866
198112
26753
95262
159633
68372
46436
96440
95830
61941
89675
20199
41010
160544
131211
65449
70562
185831
178985
3695
111687
78453
78466
21342
24139
13041
19664
81069
20560
47617
194055
120851
16571
31533
116219
36519
11176
135207
43876
65326
28592
178084
70266
8329
121639
2460
34137
24006
183369
145721
56909
62605
42628
89470
174525
129714
56673
38383
51499
162130
28306
3879
90112
186589
147899
149915
161324
83327
84827
199053
189672
11945
129565
42042
136930
119240
43207
135831
165786
157040
166472
70588
61317
145815
20984
78251
75110
18277
199612
97247
29217
88551
105440
155985
129562
172145
100117
102560
148576
197195
151255
11179
66842
75059
108821
126435
142244
177535
101357
2057
114106
64866
36518
137349
61999
24423
116364
63744
85475
75049
37246
99018
45305
140440
109291
102515
15163
187884
13824
139741
49194
61591
68939
89740
76753
9870
176100
121329
11593
45899
7680
164375
39571
4512
142972
37027
183963
120203
116457
34771
73642
26623
192505
198756
116319
161541
170421
27175
119102
31368
170541
73409
101149
171245
39621
22278
4511
119875
134844
68054
41313
170537
38503
41964
80590
21909
1026
36464
28937
58914
42605
169068
174762
126376
37122
2760
1979
151073
53674
114677
73714
116400
31843
63288
181524
949
115027
8686
10395
71368
71378
170488
148015
153721
84418
167470
85951
8098
78577
189626
187903
45662
182150
25169
135462
133612
37951
8991
26527
115862
145974
147352
52679
40361
55445
9512
15540
64616
119031
35966
77696
31085
145581
35896
167068
46557
46368
141960
75464
28010
28146
121766
146669
30857
62324
144047
17153
93152
166429
47777
182800
192451
150126
123081
190145
117229
94434
129378
45670
45717
72791
5993
48526
11037
66118
182697
74123
69744
5942
7012
91303
31320
111744
159073
112294
71401
119051
94575
2109
76581
79406
147312
2815
144063
116709
109900
194793
4788
54145
28053
65361
20389
184110
106448
87324
175530
43663
161078
34121
51861
113898
57473
68219
143917
152761
163652
97637
176243
51548
180788
55954
31406
156446
7268
158623
122860
90224
134561
24387
126414
158543
87033
21745
123847
116146
168542
86820
111693
97823
187579
104775
170039
62319
30721
187434
75813
135573
66598
130215
138571
189800
124323
89776
102619
26726
199684
26306
42027
130308
33963
67387
154425
69635
23049
136603
26881
180673
72225
85342
72004
134366
107445
151592
67577
136166
109935
33183
196920
107593
162326
92614
99488
108388
88266
41779
129204
46986
187694
178950
107857
181471
102296
194445
730
5512
12870
196227
55721
153017
112628
172941
128812
196298
152269
17520
70951
105261
3318
185941
161647
117858
64699
83516
70084
116923
157975
43450
19570
44964
89320
28751
182745
29626
157701
165996
134818
172006
120797
41451
2256
196394
147544
149253
34516
137902
46387
79588
45872
95312
4572
37775
163944
178704
86139
198334
191344
167081
141527
65857
110382
186001
165831
77387
71098
54753
82686
195878
178754
120298
75817
46847
24693
6465
29987
144943
86035
79842
51672
174575
38185
174516
34776
68713
9688
48471
8098
167947
153383
74335
34989
197336
30670
6832
187459
186150
199030
107138
184534
153136
127857
110358
147967
192259
117741
158966
160891
109127
172684
141632
165870
8215
131721
194284
171442
197006
145221
53749
147965
83940
176222
41757
182488
118814
156489
180541
50325
132714
86654
138187
132995
133213
188902
158212
39365
141703
43565
128314
14586
13159
151402
172567
110179
97735
104889
153722
196679
163019
156320
53693
82679
173873
104287
145667
37963
51398
67413
128009
29606
57617
114322
199115
93639
195170
114606
151310
183583
33969
109578
158216
187945
7752
121407
44997
189106
104345
154753
128701
30013
196006
139495
45014
131112
56178
79356
179782
186814
76341
109298
50221
35051
171465
62415
16098
168079
85864
55965
169322
97565
51677
78640
166859
161750
152312
164064
106984
193515
114891
47681
22945
53426
23881
176611
166102
102576
118102
168386
26635
50507
91317
105851
38779
140805
92128
20642
51274
57324
57462
166783
8390
125962
141374
165450
14568
117022
96467
129948
80802
109474
90995
123190
98658
148056
144803
192106
24706
75307
16773
2749
108645
186110
59377
88667
116099
9514
85582
54270
173854
72933
82678
154074
88992
69792
190183
28468
146336
142519
90000
163804
69794
81124
156395
75982
48565
75809
164668
116542
163801
130473
14934
167358
37970
186438
92165
27977
29908
85169
123985
90137
37503
150084
60984
183629
45868
115626
153968
4030
131820
96794
64088
57865
187958
122288
121816
149072
152247
119347
131325
37644
92855
14858
117163
30866
190941
171812
113018
180153
119965
116942
184816
75187
1061
113878
138989
99706
96747
109257
147728
186737
149079
18709
194453
48691
100546
150747
17122
56491
178578
133304
21170
146929
153812
157124
80727
31087
7757
47440
36772
72677
108802
172335
164482
121034
36775
44198
12864
57097
36043
64509
127616
177644
26905
144127
84832
59921
2878
96149
83341
132434
116458
15182
217
70392
162834
163941
108068
30817
69228
194527
15863
49201
156460
171023
84115
111589
90656
105736
95810
68610
188606
143830
197024
86839
118210
11316
126245
38608
158074
108001
113720
110196
59607
112600
90523
83546
54539
49857
126159
98258
135107
97617
149808
149648
7377
129985
168805
131213
178364
176695
63068
80530
95450
179118
260
121983
20875
94528
191262
99884
58653
40439
179874
199604
91600
143208
132376
57615
54779
171587
27886
70104
40399
153512
37350
21677
100746
114386
4836
65113
5966
170790
103277
51362
218
167860
179273
138240
111731
40862
29288
82198
160324
11640
49748
119132
61211
150347
90476
37515
87577
24947
175847
18818
6745
72349
178238
184989
176862
76013
821
128448
171593
1718
74452
78745
43912
111497
164511
152485
71154
32606
75970
165362
14347
123369
151682
105522
179311
63309
168013
111894
101025
49469
73849
105058
199460
64294
99287
142928
129574
92665
26895
37135
10925
32428
190824
80315
19811
29997
85017
83357
145456
150608
184332
86172
43392
146017
139088
174267
156609
23974
165822
144335
59588
153647
176591
30031
155386
111354
190090
120337
58067
4529
72425
16465
61600
65047
102992
30546
6569
6396
43944
145778
189452
107499
151891
190852
69096
154260
151468
132687
120878
178851
182223
85603
160818
60674
143352
120182
50962
151372
27198
62223
161112
65720
40108
154021
119538
31078
72995
163011
63472
33928
172663
3041
185864
108147
187098
56213
42503
52333
173359
117942
61316
107542
25874
187545
54766
140320
46320
50645
188888
91488
153549
66344
35159
14547
34181
184181
92906
63102
168876
49403
34417
67349
165219
161288
142334
46754
152873
44220
112218
111928
62797
137500
185204
151221
59560
178005
143936
112228
86174
103285
59637
76558
122755
152413
198921
126832
194753
45843
58508
99049
165897
93635
176849
17002
89644
88101
53610
70809
161133
80930
153833
51533
31155
153329
53347
